1549.1524 -28.7119
1549.1668 -28.0963
1549.1813 -26.0342
1549.1958 -25.9827
1549.2102 -29.5988
1549.2247 -29.6809
1549.2391 -29.9076
1549.2536 -27.5622
1549.2681 -31.3277
1549.2825 -28.0407
1549.2970 -27.4454
1549.3115 -32.7655
1549.3259 -28.0186
1549.3404 -26.614
1549.3549 -26.9677
1549.3693 -25.4455
1549.3838 -24.4839
1549.3983 -24.1541
1549.4127 -24.3977
1549.4272 -26.0073
1549.4417 -26.1902
1549.4561 -25.0643
1549.4706 -24.7076
1549.4851 -26.6904
1549.4995 -28.966
1549.5140 -25.5747
1549.5285 -23.9417
1549.5430 -24.5711
1549.5574 -26.1171
1549.5719 -26.6583
1549.5864 -25.9262
1549.6008 -24.1633
1549.6153 -22.4891
1549.6298 -21.5405
1549.6443 -21.0321
1549.6587 -21.1349
1549.6732 -20.5898
1549.6877 -19.8068
1549.7021 -18.5284
1549.7166 -17.8685
1549.7311 -16.6819
1549.7456 -14.227
1549.7600 -9.19117
1549.7745 -6.09579
1549.7890 -13.7058
1549.8035 -16.132
1549.8179 -18.0871
1549.8324 -19.6585
1549.8469 -19.6549
1549.8614 -20.6233
1549.8758 -21.2387
1549.8903 -22.2135
1549.9048 -22.3814
1549.9193 -22.0182
1549.9337 -22.1339
1549.9482 -22.5493
1549.9627 -23.0938
1549.9772 -24.395
1549.9917 -25.0883
1550.0061 -25.4999
1550.0206 -24.5967
1550.0351 -24.2527
1550.0496 -26.9893
1550.0641 -29.5412
1550.0785 -26.3609
1550.0930 -25.4293
1550.1075 -27.0954
1550.1220 -28.6816
1550.1365 -28.1532
