-4.9945E-03 -2.361813E-05
-4.9945E-03 -2.361813E-05
-4.9944E-03 9.046188E-05
-4.9944E-03 9.046188E-05
-4.9944E-03 2.045419E-04
-4.9944E-03 -1.376981E-04
-4.9944E-03 -2.361813E-05
-4.9943E-03 -1.376981E-04
-4.9943E-03 -2.361813E-05
-4.9943E-03 9.046188E-05
-4.9943E-03 -2.361813E-05
-4.9943E-03 -2.361813E-05
-4.9942E-03 9.046188E-05
-4.9942E-03 -2.361813E-05
-4.9942E-03 -2.361813E-05
-4.9942E-03 -2.517781E-04
-4.9942E-03 -2.517781E-04
-4.9941E-03 -1.376981E-04
-4.9941E-03 -1.376981E-04
-4.9941E-03 9.046188E-05
-4.9941E-03 -1.376981E-04
-4.9941E-03 -2.361813E-05
-4.9940E-03 -2.361813E-05
-4.9940E-03 9.046188E-05
-4.9940E-03 2.045419E-04
-4.9940E-03 9.046188E-05
-4.9940E-03 -2.361813E-05
-4.9939E-03 -2.361813E-05
-4.9939E-03 9.046188E-05
-4.9939E-03 -2.361813E-05
-4.9939E-03 -2.361813E-05
-4.9939E-03 -2.361813E-05
-4.9938E-03 9.046188E-05
-4.9938E-03 -1.376981E-04
-4.9938E-03 9.046188E-05
-4.9938E-03 -1.376981E-04
-4.9938E-03 -2.361813E-05
-4.9937E-03 -2.361813E-05
-4.9937E-03 -1.376981E-04
-4.9937E-03 -1.376981E-04
-4.9937E-03 -2.517781E-04
-4.9937E-03 -2.361813E-05
-4.9936E-03 -2.361813E-05
-4.9936E-03 -2.517781E-04
-4.9936E-03 -1.376981E-04
-4.9936E-03 -1.376981E-04
-4.9936E-03 -2.361813E-05
-4.9935E-03 -1.376981E-04
-4.9935E-03 -1.376981E-04
-4.9935E-03 -2.361813E-05
-4.9935E-03 -2.517781E-04
-4.9935E-03 -1.376981E-04
-4.9934E-03 -2.361813E-05
-4.9934E-03 -2.361813E-05
-4.9934E-03 -1.376981E-04
-4.9934E-03 -1.376981E-04
-4.9934E-03 -2.361813E-05
-4.9933E-03 -2.517781E-04
-4.9933E-03 -1.376981E-04
-4.9933E-03 -1.376981E-04
-4.9933E-03 -2.517781E-04
-4.9933E-03 -2.517781E-04
-4.9932E-03 -3.658581E-04
-4.9932E-03 -1.376981E-04
-4.9932E-03 -2.361813E-05
-4.9932E-03 -1.376981E-04
-4.9932E-03 -2.517781E-04
-4.9931E-03 -1.376981E-04
-4.9931E-03 -2.517781E-04
-4.9931E-03 -1.376981E-04
-4.9931E-03 -2.361813E-05
-4.9931E-03 -1.376981E-04
-4.9930E-03 -1.376981E-04
-4.9930E-03 -2.517781E-04
-4.9930E-03 -2.361813E-05
-4.9930E-03 -2.517781E-04
-4.9930E-03 -1.376981E-04
-4.9929E-03 -2.517781E-04
-4.9929E-03 -2.361813E-05
-4.9929E-03 -3.658581E-04
-4.9929E-03 -3.658581E-04
-4.9929E-03 -3.658581E-04
-4.9928E-03 -1.376981E-04
-4.9928E-03 -4.799381E-04
-4.9928E-03 -3.658581E-04
-4.9928E-03 -3.658581E-04
-4.9928E-03 -5.940181E-04
-4.9927E-03 -5.940181E-04
-4.9927E-03 -7.080981E-04
-4.9927E-03 -7.080981E-04
-4.9927E-03 -9.362581E-04
-4.9927E-03 -8.221781E-04
-4.9926E-03 -9.362581E-04
-4.9926E-03 -1.278498E-03
-4.9926E-03 -1.164418E-03
-4.9926E-03 -1.392578E-03
-4.9926E-03 -1.506658E-03
-4.9925E-03 -1.164418E-03
-4.9925E-03 -1.050338E-03
-4.9925E-03 -9.362581E-04
-4.9925E-03 -1.050338E-03
-4.9925E-03 -1.164418E-03
-4.9924E-03 -1.050338E-03
-4.9924E-03 -9.362581E-04
-4.9924E-03 -9.362581E-04
-4.9924E-03 -1.050338E-03
-4.9924E-03 -7.080981E-04
-4.9923E-03 -7.080981E-04
-4.9923E-03 -7.080981E-04
-4.9923E-03 -5.940181E-04
-4.9923E-03 -5.940181E-04
-4.9923E-03 -3.658581E-04
-4.9922E-03 -3.658581E-04
-4.9922E-03 -2.361813E-05
-4.9922E-03 -2.361813E-05
-4.9922E-03 -2.361813E-05
-4.9922E-03 -2.361813E-05
-4.9921E-03 9.046188E-05
-4.9921E-03 9.046188E-05
-4.9921E-03 9.046188E-05
-4.9921E-03 2.045419E-04
-4.9921E-03 2.045419E-04
-4.9920E-03 2.045419E-04
-4.9920E-03 3.186219E-04
-4.9920E-03 3.186219E-04
-4.9920E-03 3.186219E-04
-4.9920E-03 3.186219E-04
-4.9919E-03 2.045419E-04
-4.9919E-03 2.045419E-04
-4.9919E-03 3.186219E-04
-4.9919E-03 2.045419E-04
-4.9919E-03 9.046188E-05
-4.9918E-03 9.046188E-05
-4.9918E-03 2.045419E-04
-4.9918E-03 2.045419E-04
-4.9918E-03 2.045419E-04
-4.9918E-03 9.046188E-05
-4.9917E-03 2.045419E-04
-4.9917E-03 -2.361813E-05
-4.9917E-03 -2.361813E-05
-4.9917E-03 2.045419E-04
-4.9917E-03 -2.361813E-05
-4.9916E-03 -1.376981E-04
-4.9916E-03 -2.361813E-05
-4.9916E-03 -2.361813E-05
-4.9916E-03 -2.361813E-05
-4.9916E-03 -2.361813E-05
-4.9915E-03 -2.361813E-05
-4.9915E-03 9.046188E-05
-4.9915E-03 -2.361813E-05
-4.9915E-03 9.046188E-05
-4.9915E-03 -2.361813E-05
-4.9914E-03 9.046188E-05
-4.9914E-03 -1.376981E-04
-4.9914E-03 -2.361813E-05
-4.9914E-03 -2.361813E-05
-4.9914E-03 -2.361813E-05
-4.9913E-03 -2.361813E-05
-4.9913E-03 9.046188E-05
-4.9913E-03 9.046188E-05
-4.9913E-03 -1.376981E-04
-4.9913E-03 9.046188E-05
-4.9912E-03 -1.376981E-04
-4.9912E-03 -2.361813E-05
-4.9912E-03 -2.517781E-04
-4.9912E-03 -2.361813E-05
-4.9912E-03 -2.361813E-05
-4.9911E-03 -2.361813E-05
-4.9911E-03 -1.376981E-04
-4.9911E-03 -2.361813E-05
-4.9911E-03 -2.361813E-05
-4.9911E-03 -2.361813E-05
-4.9910E-03 9.046188E-05
-4.9910E-03 -2.517781E-04
-4.9910E-03 -1.376981E-04
-4.9910E-03 -1.376981E-04
-4.9910E-03 9.046188E-05
-4.9909E-03 -1.376981E-04
-4.9909E-03 -2.361813E-05
-4.9909E-03 -2.361813E-05
-4.9909E-03 9.046188E-05
-4.9909E-03 9.046188E-05
-4.9908E-03 -1.376981E-04
-4.9908E-03 9.046188E-05
-4.9908E-03 -2.517781E-04
-4.9908E-03 -2.361813E-05
-4.9908E-03 -1.376981E-04
-4.9907E-03 -2.361813E-05
-4.9907E-03 -2.361813E-05
-4.9907E-03 -2.361813E-05
-4.9907E-03 9.046188E-05
-4.9907E-03 -2.361813E-05
-4.9906E-03 -1.376981E-04
-4.9906E-03 -1.376981E-04
-4.9906E-03 -1.376981E-04
-4.9906E-03 -2.361813E-05
-4.9906E-03 9.046188E-05
-4.9905E-03 -1.376981E-04
-4.9905E-03 -2.517781E-04
-4.9905E-03 -2.361813E-05
-4.9905E-03 -1.376981E-04
-4.9905E-03 -2.361813E-05
-4.9904E-03 -1.376981E-04
-4.9904E-03 9.046188E-05
-4.9904E-03 -2.361813E-05
-4.9904E-03 -2.361813E-05
-4.9904E-03 9.046188E-05
-4.9903E-03 9.046188E-05
-4.9903E-03 -1.376981E-04
-4.9903E-03 -1.376981E-04
-4.9903E-03 -1.376981E-04
-4.9903E-03 -2.517781E-04
-4.9902E-03 -3.658581E-04
-4.9902E-03 -1.376981E-04
-4.9902E-03 -2.361813E-05
-4.9902E-03 -1.376981E-04
-4.9902E-03 -1.376981E-04
-4.9901E-03 -2.361813E-05
-4.9901E-03 2.045419E-04
-4.9901E-03 9.046188E-05
-4.9901E-03 -1.376981E-04
-4.9901E-03 -1.376981E-04
-4.9900E-03 -2.517781E-04
-4.9900E-03 -1.376981E-04
-4.9900E-03 -2.517781E-04
-4.9900E-03 -2.361813E-05
-4.9900E-03 -1.376981E-04
-4.9899E-03 -2.517781E-04
-4.9899E-03 -2.361813E-05
-4.9899E-03 -1.376981E-04
-4.9899E-03 -1.376981E-04
-4.9899E-03 9.046188E-05
-4.9898E-03 -2.517781E-04
-4.9898E-03 -1.376981E-04
-4.9898E-03 -2.361813E-05
-4.9898E-03 -1.376981E-04
-4.9898E-03 9.046188E-05
-4.9897E-03 -1.376981E-04
-4.9897E-03 -1.376981E-04
-4.9897E-03 9.046188E-05
-4.9897E-03 -2.361813E-05
-4.9897E-03 -2.361813E-05
-4.9896E-03 -2.361813E-05
-4.9896E-03 -1.376981E-04
-4.9896E-03 -2.361813E-05
-4.9896E-03 -1.376981E-04
-4.9896E-03 -2.361813E-05
-4.9895E-03 -2.361813E-05
-4.9895E-03 -1.376981E-04
-4.9895E-03 -2.517781E-04
-4.9895E-03 -3.658581E-04
-4.9895E-03 -3.658581E-04
-4.9894E-03 -2.517781E-04
-4.9894E-03 -4.799381E-04
-4.9894E-03 -4.799381E-04
-4.9894E-03 -5.940181E-04
-4.9894E-03 -7.080981E-04
-4.9893E-03 -7.080981E-04
-4.9893E-03 -8.221781E-04
-4.9893E-03 -1.164418E-03
-4.9893E-03 -1.164418E-03
-4.9893E-03 -1.164418E-03
-4.9892E-03 -1.164418E-03
-4.9892E-03 -1.392578E-03
-4.9892E-03 -1.278498E-03
-4.9892E-03 -1.278498E-03
-4.9892E-03 -1.392578E-03
-4.9891E-03 -1.164418E-03
-4.9891E-03 -1.050338E-03
-4.9891E-03 -1.392578E-03
-4.9891E-03 -9.362581E-04
-4.9891E-03 -1.050338E-03
-4.9890E-03 -7.080981E-04
-4.9890E-03 -9.362581E-04
-4.9890E-03 -7.080981E-04
-4.9890E-03 -7.080981E-04
-4.9890E-03 -5.940181E-04
-4.9889E-03 -3.658581E-04
-4.9889E-03 -2.517781E-04
-4.9889E-03 -1.376981E-04
-4.9889E-03 -2.361813E-05
-4.9889E-03 -2.517781E-04
-4.9888E-03 -2.361813E-05
-4.9888E-03 9.046188E-05
-4.9888E-03 -1.376981E-04
-4.9888E-03 2.045419E-04
-4.9888E-03 9.046188E-05
-4.9887E-03 3.186219E-04
-4.9887E-03 3.186219E-04
-4.9887E-03 3.186219E-04
-4.9887E-03 3.186219E-04
-4.9887E-03 3.186219E-04
-4.9886E-03 9.046188E-05
-4.9886E-03 2.045419E-04
-4.9886E-03 2.045419E-04
-4.9886E-03 3.186219E-04
-4.9886E-03 2.045419E-04
-4.9885E-03 2.045419E-04
-4.9885E-03 2.045419E-04
-4.9885E-03 9.046188E-05
-4.9885E-03 2.045419E-04
-4.9885E-03 3.186219E-04
-4.9884E-03 2.045419E-04
-4.9884E-03 3.186219E-04
-4.9884E-03 9.046188E-05
-4.9884E-03 9.046188E-05
-4.9884E-03 9.046188E-05
-4.9883E-03 2.045419E-04
-4.9883E-03 2.045419E-04
-4.9883E-03 2.045419E-04
-4.9883E-03 9.046188E-05
-4.9883E-03 2.045419E-04
-4.9882E-03 2.045419E-04
-4.9882E-03 2.045419E-04
-4.9882E-03 9.046188E-05
-4.9882E-03 2.045419E-04
-4.9882E-03 4.327019E-04
-4.9881E-03 2.045419E-04
-4.9881E-03 2.045419E-04
-4.9881E-03 2.045419E-04
-4.9881E-03 2.045419E-04
-4.9881E-03 -2.361813E-05
-4.9880E-03 9.046188E-05
-4.9880E-03 9.046188E-05
-4.9880E-03 9.046188E-05
-4.9880E-03 9.046188E-05
-4.9880E-03 9.046188E-05
-4.9879E-03 9.046188E-05
-4.9879E-03 -2.361813E-05
-4.9879E-03 -2.361813E-05
-4.9879E-03 2.045419E-04
-4.9879E-03 9.046188E-05
-4.9878E-03 -2.361813E-05
-4.9878E-03 2.045419E-04
-4.9878E-03 -2.361813E-05
-4.9878E-03 9.046188E-05
-4.9878E-03 -1.376981E-04
-4.9877E-03 -2.361813E-05
-4.9877E-03 9.046188E-05
-4.9877E-03 -2.361813E-05
-4.9877E-03 9.046188E-05
-4.9877E-03 -2.361813E-05
-4.9876E-03 -2.361813E-05
-4.9876E-03 9.046188E-05
-4.9876E-03 9.046188E-05
-4.9876E-03 9.046188E-05
-4.9876E-03 -1.376981E-04
-4.9875E-03 9.046188E-05
-4.9875E-03 -2.361813E-05
-4.9875E-03 9.046188E-05
-4.9875E-03 -2.361813E-05
-4.9875E-03 2.045419E-04
-4.9874E-03 -2.361813E-05
-4.9874E-03 -1.376981E-04
-4.9874E-03 -2.361813E-05
-4.9874E-03 -2.361813E-05
-4.9874E-03 9.046188E-05
-4.9873E-03 -2.361813E-05
-4.9873E-03 2.045419E-04
-4.9873E-03 2.045419E-04
-4.9873E-03 -2.361813E-05
-4.9873E-03 -2.361813E-05
-4.9872E-03 9.046188E-05
-4.9872E-03 -2.361813E-05
-4.9872E-03 -1.376981E-04
-4.9872E-03 9.046188E-05
-4.9872E-03 -1.376981E-04
-4.9871E-03 -2.361813E-05
-4.9871E-03 -1.376981E-04
-4.9871E-03 -2.361813E-05
-4.9871E-03 -2.361813E-05
-4.9871E-03 -1.376981E-04
-4.9870E-03 -2.361813E-05
-4.9870E-03 -2.361813E-05
-4.9870E-03 9.046188E-05
-4.9870E-03 -2.361813E-05
-4.9870E-03 9.046188E-05
-4.9869E-03 -2.361813E-05
-4.9869E-03 -2.361813E-05
-4.9869E-03 9.046188E-05
-4.9869E-03 9.046188E-05
-4.9869E-03 -2.517781E-04
-4.9868E-03 9.046188E-05
-4.9868E-03 -2.361813E-05
-4.9868E-03 -2.361813E-05
-4.9868E-03 -2.361813E-05
-4.9868E-03 -2.517781E-04
-4.9867E-03 -2.361813E-05
-4.9867E-03 -2.517781E-04
-4.9867E-03 -1.376981E-04
-4.9867E-03 -2.361813E-05
-4.9867E-03 -1.376981E-04
-4.9866E-03 -1.376981E-04
-4.9866E-03 -1.376981E-04
-4.9866E-03 -1.376981E-04
-4.9866E-03 -1.376981E-04
-4.9866E-03 -2.361813E-05
-4.9865E-03 -2.361813E-05
-4.9865E-03 -2.517781E-04
-4.9865E-03 -1.376981E-04
-4.9865E-03 -2.517781E-04
-4.9865E-03 -1.376981E-04
-4.9864E-03 -1.376981E-04
-4.9864E-03 9.046188E-05
-4.9864E-03 -1.376981E-04
-4.9864E-03 -2.517781E-04
-4.9864E-03 -1.376981E-04
-4.9863E-03 9.046188E-05
-4.9863E-03 -2.517781E-04
-4.9863E-03 -1.376981E-04
-4.9863E-03 -1.376981E-04
-4.9863E-03 9.046188E-05
-4.9862E-03 9.046188E-05
-4.9862E-03 -2.361813E-05
-4.9862E-03 -2.517781E-04
-4.9862E-03 9.046188E-05
-4.9862E-03 -2.517781E-04
-4.9861E-03 -3.658581E-04
-4.9861E-03 -1.376981E-04
-4.9861E-03 -5.940181E-04
-4.9861E-03 -4.799381E-04
-4.9861E-03 -5.940181E-04
-4.9860E-03 -5.940181E-04
-4.9860E-03 -5.940181E-04
-4.9860E-03 -9.362581E-04
-4.9860E-03 -9.362581E-04
-4.9860E-03 -8.221781E-04
-4.9859E-03 -8.221781E-04
-4.9859E-03 -1.050338E-03
-4.9859E-03 -1.278498E-03
-4.9859E-03 -1.164418E-03
-4.9859E-03 -1.506658E-03
-4.9858E-03 -1.392578E-03
-4.9858E-03 -1.620738E-03
-4.9858E-03 -1.848898E-03
-4.9858E-03 -1.620738E-03
-4.9858E-03 -1.506658E-03
-4.9857E-03 -1.506658E-03
-4.9857E-03 -1.164418E-03
-4.9857E-03 -1.050338E-03
-4.9857E-03 -1.278498E-03
-4.9857E-03 -1.164418E-03
-4.9856E-03 -9.362581E-04
-4.9856E-03 -5.940181E-04
-4.9856E-03 -7.080981E-04
-4.9856E-03 -7.080981E-04
-4.9856E-03 -8.221781E-04
-4.9855E-03 -5.940181E-04
-4.9855E-03 -5.940181E-04
-4.9855E-03 -2.517781E-04
-4.9855E-03 4.327019E-04
-4.9855E-03 5.467819E-04
-4.9854E-03 4.327019E-04
-4.9854E-03 -3.658581E-04
-4.9854E-03 -5.940181E-04
-4.9854E-03 2.045419E-04
-4.9854E-03 3.186219E-04
-4.9853E-03 9.046188E-05
-4.9853E-03 -2.361813E-05
-4.9853E-03 -1.376981E-04
-4.9853E-03 -2.361813E-05
-4.9853E-03 9.046188E-05
-4.9852E-03 9.046188E-05
-4.9852E-03 2.045419E-04
-4.9852E-03 9.046188E-05
-4.9852E-03 -2.361813E-05
-4.9852E-03 -2.361813E-05
-4.9851E-03 9.046188E-05
-4.9851E-03 9.046188E-05
-4.9851E-03 3.186219E-04
-4.9851E-03 9.046188E-05
-4.9851E-03 -1.376981E-04
-4.9850E-03 9.046188E-05
-4.9850E-03 -2.361813E-05
-4.9850E-03 9.046188E-05
-4.9850E-03 -2.361813E-05
-4.9850E-03 2.045419E-04
-4.9849E-03 9.046188E-05
-4.9849E-03 9.046188E-05
-4.9849E-03 9.046188E-05
-4.9849E-03 -2.361813E-05
-4.9849E-03 -2.361813E-05
-4.9848E-03 2.045419E-04
-4.9848E-03 -2.361813E-05
-4.9848E-03 9.046188E-05
-4.9848E-03 -2.517781E-04
-4.9848E-03 -1.376981E-04
-4.9847E-03 -1.376981E-04
-4.9847E-03 -2.361813E-05
-4.9847E-03 -1.376981E-04
-4.9847E-03 9.046188E-05
-4.9847E-03 -1.376981E-04
-4.9846E-03 -2.361813E-05
-4.9846E-03 -2.361813E-05
-4.9846E-03 -2.361813E-05
-4.9846E-03 -2.361813E-05
-4.9846E-03 -1.376981E-04
-4.9845E-03 -2.361813E-05
-4.9845E-03 -1.376981E-04
-4.9845E-03 2.045419E-04
-4.9845E-03 -2.361813E-05
-4.9845E-03 2.045419E-04
-4.9844E-03 2.045419E-04
-4.9844E-03 9.046188E-05
-4.9844E-03 -2.361813E-05
-4.9844E-03 -1.376981E-04
-4.9844E-03 9.046188E-05
-4.9843E-03 9.046188E-05
-4.9843E-03 2.045419E-04
-4.9843E-03 -2.361813E-05
-4.9843E-03 -2.361813E-05
-4.9843E-03 -2.517781E-04
-4.9842E-03 -1.376981E-04
-4.9842E-03 9.046188E-05
-4.9842E-03 -1.376981E-04
-4.9842E-03 -1.376981E-04
-4.9842E-03 -2.361813E-05
-4.9841E-03 -2.517781E-04
-4.9841E-03 -3.658581E-04
-4.9841E-03 -7.080981E-04
-4.9841E-03 -3.658581E-04
-4.9841E-03 -3.658581E-04
-4.9840E-03 -1.376981E-04
-4.9840E-03 -2.517781E-04
-4.9840E-03 -2.517781E-04
-4.9840E-03 -2.517781E-04
-4.9840E-03 -2.517781E-04
-4.9839E-03 -1.376981E-04
-4.9839E-03 9.046188E-05
-4.9839E-03 -2.361813E-05
-4.9839E-03 -1.376981E-04
-4.9839E-03 9.046188E-05
-4.9838E-03 -2.517781E-04
-4.9838E-03 -2.517781E-04
-4.9838E-03 -3.658581E-04
-4.9838E-03 -2.517781E-04
-4.9838E-03 -1.376981E-04
-4.9837E-03 -3.658581E-04
-4.9837E-03 -2.517781E-04
-4.9837E-03 -2.517781E-04
-4.9837E-03 -1.376981E-04
-4.9837E-03 -1.376981E-04
-4.9836E-03 -2.517781E-04
-4.9836E-03 -1.376981E-04
-4.9836E-03 -2.361813E-05
-4.9836E-03 3.186219E-04
-4.9836E-03 9.046188E-05
-4.9835E-03 2.045419E-04
-4.9835E-03 2.045419E-04
-4.9835E-03 4.327019E-04
-4.9835E-03 2.045419E-04
-4.9835E-03 2.045419E-04
-4.9834E-03 9.046188E-05
-4.9834E-03 2.045419E-04
-4.9834E-03 9.046188E-05
-4.9834E-03 9.046188E-05
-4.9834E-03 9.046188E-05
-4.9833E-03 -1.376981E-04
-4.9833E-03 -1.376981E-04
-4.9833E-03 -1.376981E-04
-4.9833E-03 -3.658581E-04
-4.9833E-03 -4.799381E-04
-4.9832E-03 -4.799381E-04
-4.9832E-03 -5.940181E-04
-4.9832E-03 -5.940181E-04
-4.9832E-03 -4.799381E-04
-4.9832E-03 -3.658581E-04
-4.9831E-03 -4.799381E-04
-4.9831E-03 -3.658581E-04
-4.9831E-03 -1.376981E-04
-4.9831E-03 -2.517781E-04
-4.9831E-03 -2.517781E-04
-4.9830E-03 -1.376981E-04
-4.9830E-03 -2.517781E-04
-4.9830E-03 -1.376981E-04
-4.9830E-03 -1.376981E-04
-4.9830E-03 9.046188E-05
-4.9829E-03 -2.361813E-05
-4.9829E-03 -2.361813E-05
-4.9829E-03 -1.376981E-04
-4.9829E-03 9.046188E-05
-4.9829E-03 -2.361813E-05
-4.9828E-03 -2.361813E-05
-4.9828E-03 -2.361813E-05
-4.9828E-03 -2.517781E-04
-4.9828E-03 -2.361813E-05
-4.9828E-03 -3.658581E-04
-4.9827E-03 -2.517781E-04
-4.9827E-03 -4.799381E-04
-4.9827E-03 -3.658581E-04
-4.9827E-03 -4.799381E-04
-4.9827E-03 -3.658581E-04
-4.9826E-03 -5.940181E-04
-4.9826E-03 -4.799381E-04
-4.9826E-03 -3.658581E-04
-4.9826E-03 -7.080981E-04
-4.9826E-03 -7.080981E-04
-4.9825E-03 -9.362581E-04
-4.9825E-03 -1.050338E-03
-4.9825E-03 -1.050338E-03
-4.9825E-03 -1.164418E-03
-4.9825E-03 -1.278498E-03
-4.9824E-03 -1.392578E-03
-4.9824E-03 -1.392578E-03
-4.9824E-03 -1.278498E-03
-4.9824E-03 -1.164418E-03
-4.9824E-03 -1.164418E-03
-4.9823E-03 -1.050338E-03
-4.9823E-03 -1.164418E-03
-4.9823E-03 -1.278498E-03
-4.9823E-03 -1.164418E-03
-4.9823E-03 -9.362581E-04
-4.9822E-03 -8.221781E-04
-4.9822E-03 -8.221781E-04
-4.9822E-03 -7.080981E-04
-4.9822E-03 -7.080981E-04
-4.9822E-03 -5.940181E-04
-4.9821E-03 -3.658581E-04
-4.9821E-03 -3.658581E-04
-4.9821E-03 -2.517781E-04
-4.9821E-03 -1.376981E-04
-4.9821E-03 -2.361813E-05
-4.9820E-03 -2.361813E-05
-4.9820E-03 9.046188E-05
-4.9820E-03 9.046188E-05
-4.9820E-03 2.045419E-04
-4.9820E-03 3.186219E-04
-4.9819E-03 2.045419E-04
-4.9819E-03 9.046188E-05
-4.9819E-03 2.045419E-04
-4.9819E-03 3.186219E-04
-4.9819E-03 4.327019E-04
-4.9818E-03 9.046188E-05
-4.9818E-03 9.046188E-05
-4.9818E-03 9.046188E-05
-4.9818E-03 9.046188E-05
-4.9818E-03 9.046188E-05
-4.9817E-03 2.045419E-04
-4.9817E-03 -2.361813E-05
-4.9817E-03 3.186219E-04
-4.9817E-03 -2.361813E-05
-4.9817E-03 -2.361813E-05
-4.9816E-03 9.046188E-05
-4.9816E-03 9.046188E-05
-4.9816E-03 9.046188E-05
-4.9816E-03 -2.361813E-05
-4.9816E-03 2.045419E-04
-4.9815E-03 9.046188E-05
-4.9815E-03 9.046188E-05
-4.9815E-03 2.045419E-04
-4.9815E-03 -2.361813E-05
-4.9815E-03 9.046188E-05
-4.9814E-03 -1.376981E-04
-4.9814E-03 -2.361813E-05
-4.9814E-03 -2.361813E-05
-4.9814E-03 2.045419E-04
-4.9814E-03 -2.361813E-05
-4.9813E-03 2.045419E-04
-4.9813E-03 9.046188E-05
-4.9813E-03 9.046188E-05
-4.9813E-03 -2.361813E-05
-4.9813E-03 -2.361813E-05
-4.9812E-03 -2.361813E-05
-4.9812E-03 -2.361813E-05
-4.9812E-03 9.046188E-05
-4.9812E-03 2.045419E-04
-4.9812E-03 9.046188E-05
-4.9811E-03 2.045419E-04
-4.9811E-03 -2.361813E-05
-4.9811E-03 -1.376981E-04
-4.9811E-03 2.045419E-04
-4.9811E-03 -2.361813E-05
-4.9810E-03 -2.361813E-05
-4.9810E-03 -1.376981E-04
-4.9810E-03 9.046188E-05
-4.9810E-03 9.046188E-05
-4.9810E-03 -1.376981E-04
-4.9809E-03 9.046188E-05
-4.9809E-03 -2.361813E-05
-4.9809E-03 9.046188E-05
-4.9809E-03 9.046188E-05
-4.9809E-03 9.046188E-05
-4.9808E-03 9.046188E-05
-4.9808E-03 9.046188E-05
-4.9808E-03 2.045419E-04
-4.9808E-03 -1.376981E-04
-4.9808E-03 -2.361813E-05
-4.9807E-03 -1.376981E-04
-4.9807E-03 -1.376981E-04
-4.9807E-03 -2.517781E-04
-4.9807E-03 -2.517781E-04
-4.9807E-03 -1.376981E-04
-4.9806E-03 -2.517781E-04
-4.9806E-03 -2.361813E-05
-4.9806E-03 -1.376981E-04
-4.9806E-03 -2.517781E-04
-4.9806E-03 -2.517781E-04
-4.9805E-03 -1.376981E-04
-4.9805E-03 -2.517781E-04
-4.9805E-03 -2.517781E-04
-4.9805E-03 -2.517781E-04
-4.9805E-03 9.046188E-05
-4.9804E-03 -1.376981E-04
-4.9804E-03 -1.376981E-04
-4.9804E-03 -3.658581E-04
-4.9804E-03 -2.517781E-04
-4.9804E-03 -1.376981E-04
-4.9803E-03 -2.361813E-05
-4.9803E-03 -2.517781E-04
-4.9803E-03 9.046188E-05
-4.9803E-03 9.046188E-05
-4.9803E-03 9.046188E-05
-4.9802E-03 -2.361813E-05
-4.9802E-03 9.046188E-05
-4.9802E-03 -1.376981E-04
-4.9802E-03 -1.376981E-04
-4.9802E-03 -2.361813E-05
-4.9801E-03 -2.361813E-05
-4.9801E-03 -1.376981E-04
-4.9801E-03 -2.361813E-05
-4.9801E-03 -2.361813E-05
-4.9801E-03 9.046188E-05
-4.9800E-03 -2.517781E-04
-4.9800E-03 9.046188E-05
-4.9800E-03 -2.361813E-05
-4.9800E-03 -2.361813E-05
-4.9800E-03 9.046188E-05
-4.9799E-03 9.046188E-05
-4.9799E-03 -2.361813E-05
-4.9799E-03 -1.376981E-04
-4.9799E-03 -2.517781E-04
-4.9799E-03 -3.658581E-04
-4.9798E-03 -3.658581E-04
-4.9798E-03 -3.658581E-04
-4.9798E-03 9.046188E-05
-4.9798E-03 -1.376981E-04
-4.9798E-03 -2.517781E-04
-4.9797E-03 -2.517781E-04
-4.9797E-03 -2.517781E-04
-4.9797E-03 -1.376981E-04
-4.9797E-03 9.046188E-05
-4.9797E-03 9.046188E-05
-4.9796E-03 9.046188E-05
-4.9796E-03 -1.376981E-04
-4.9796E-03 -2.361813E-05
-4.9796E-03 -2.361813E-05
-4.9796E-03 -2.517781E-04
-4.9795E-03 2.045419E-04
-4.9795E-03 -1.376981E-04
-4.9795E-03 -1.376981E-04
-4.9795E-03 -1.376981E-04
-4.9795E-03 -1.376981E-04
-4.9794E-03 -2.517781E-04
-4.9794E-03 -2.517781E-04
-4.9794E-03 -2.517781E-04
-4.9794E-03 -1.376981E-04
-4.9794E-03 -2.517781E-04
-4.9793E-03 -3.658581E-04
-4.9793E-03 -4.799381E-04
-4.9793E-03 -3.658581E-04
-4.9793E-03 -4.799381E-04
-4.9793E-03 -5.940181E-04
-4.9792E-03 -8.221781E-04
-4.9792E-03 -8.221781E-04
-4.9792E-03 -9.362581E-04
-4.9792E-03 -1.050338E-03
-4.9792E-03 -8.221781E-04
-4.9791E-03 -1.050338E-03
-4.9791E-03 -1.050338E-03
-4.9791E-03 -1.506658E-03
-4.9791E-03 -1.050338E-03
-4.9791E-03 -1.164418E-03
-4.9790E-03 -1.164418E-03
-4.9790E-03 -1.278498E-03
-4.9790E-03 -1.278498E-03
-4.9790E-03 -1.050338E-03
-4.9790E-03 -1.164418E-03
-4.9789E-03 -1.392578E-03
-4.9789E-03 -1.392578E-03
-4.9789E-03 -1.164418E-03
-4.9789E-03 -9.362581E-04
-4.9789E-03 -5.940181E-04
-4.9788E-03 -7.080981E-04
-4.9788E-03 -5.940181E-04
-4.9788E-03 -5.940181E-04
-4.9788E-03 -4.799381E-04
-4.9788E-03 -5.940181E-04
-4.9787E-03 -3.658581E-04
-4.9787E-03 -3.658581E-04
-4.9787E-03 -1.376981E-04
-4.9787E-03 -2.361813E-05
-4.9787E-03 -2.361813E-05
-4.9786E-03 2.045419E-04
-4.9786E-03 9.046188E-05
-4.9786E-03 -2.361813E-05
-4.9786E-03 9.046188E-05
-4.9786E-03 2.045419E-04
-4.9785E-03 2.045419E-04
-4.9785E-03 3.186219E-04
-4.9785E-03 3.186219E-04
-4.9785E-03 3.186219E-04
-4.9785E-03 4.327019E-04
-4.9784E-03 2.045419E-04
-4.9784E-03 2.045419E-04
-4.9784E-03 9.046188E-05
-4.9784E-03 -2.361813E-05
-4.9784E-03 2.045419E-04
-4.9783E-03 2.045419E-04
-4.9783E-03 9.046188E-05
-4.9783E-03 2.045419E-04
-4.9783E-03 9.046188E-05
-4.9783E-03 2.045419E-04
-4.9782E-03 9.046188E-05
-4.9782E-03 3.186219E-04
-4.9782E-03 2.045419E-04
-4.9782E-03 2.045419E-04
-4.9782E-03 -2.361813E-05
-4.9781E-03 -2.361813E-05
-4.9781E-03 9.046188E-05
-4.9781E-03 9.046188E-05
-4.9781E-03 -2.361813E-05
-4.9781E-03 9.046188E-05
-4.9780E-03 9.046188E-05
-4.9780E-03 -2.361813E-05
-4.9780E-03 9.046188E-05
-4.9780E-03 9.046188E-05
-4.9780E-03 9.046188E-05
-4.9779E-03 3.186219E-04
-4.9779E-03 -1.376981E-04
-4.9779E-03 9.046188E-05
-4.9779E-03 9.046188E-05
-4.9779E-03 9.046188E-05
-4.9778E-03 -1.376981E-04
-4.9778E-03 9.046188E-05
-4.9778E-03 -2.361813E-05
-4.9778E-03 -2.361813E-05
-4.9778E-03 9.046188E-05
-4.9777E-03 3.186219E-04
-4.9777E-03 9.046188E-05
-4.9777E-03 9.046188E-05
-4.9777E-03 2.045419E-04
-4.9777E-03 2.045419E-04
-4.9776E-03 9.046188E-05
-4.9776E-03 -2.361813E-05
-4.9776E-03 9.046188E-05
-4.9776E-03 9.046188E-05
-4.9776E-03 -2.361813E-05
-4.9775E-03 -2.361813E-05
-4.9775E-03 -2.361813E-05
-4.9775E-03 -2.361813E-05
-4.9775E-03 -2.361813E-05
-4.9775E-03 9.046188E-05
-4.9774E-03 9.046188E-05
-4.9774E-03 2.045419E-04
-4.9774E-03 2.045419E-04
-4.9774E-03 -2.361813E-05
-4.9774E-03 -2.361813E-05
-4.9773E-03 9.046188E-05
-4.9773E-03 9.046188E-05
-4.9773E-03 -2.361813E-05
-4.9773E-03 -1.376981E-04
-4.9773E-03 9.046188E-05
-4.9772E-03 -2.517781E-04
-4.9772E-03 -1.376981E-04
-4.9772E-03 -2.361813E-05
-4.9772E-03 -2.361813E-05
-4.9772E-03 9.046188E-05
-4.9771E-03 -2.361813E-05
-4.9771E-03 9.046188E-05
-4.9771E-03 -2.361813E-05
-4.9771E-03 -2.361813E-05
-4.9771E-03 -2.361813E-05
-4.9770E-03 -1.376981E-04
-4.9770E-03 -2.361813E-05
-4.9770E-03 2.045419E-04
-4.9770E-03 9.046188E-05
-4.9770E-03 2.045419E-04
-4.9769E-03 -2.361813E-05
-4.9769E-03 -1.376981E-04
-4.9769E-03 -2.361813E-05
-4.9769E-03 -1.376981E-04
-4.9769E-03 9.046188E-05
-4.9768E-03 -1.376981E-04
-4.9768E-03 -2.517781E-04
-4.9768E-03 -1.376981E-04
-4.9768E-03 -1.376981E-04
-4.9768E-03 -2.517781E-04
-4.9767E-03 2.045419E-04
-4.9767E-03 -2.361813E-05
-4.9767E-03 2.045419E-04
-4.9767E-03 -2.361813E-05
-4.9767E-03 -1.376981E-04
-4.9766E-03 -2.361813E-05
-4.9766E-03 -2.361813E-05
-4.9766E-03 2.045419E-04
-4.9766E-03 -2.361813E-05
-4.9766E-03 -1.376981E-04
-4.9765E-03 -2.361813E-05
-4.9765E-03 -2.517781E-04
-4.9765E-03 9.046188E-05
-4.9765E-03 -2.361813E-05
-4.9765E-03 -2.517781E-04
-4.9764E-03 -1.376981E-04
-4.9764E-03 9.046188E-05
-4.9764E-03 -2.517781E-04
-4.9764E-03 -2.361813E-05
-4.9764E-03 -2.517781E-04
-4.9763E-03 -1.376981E-04
-4.9763E-03 -2.361813E-05
-4.9763E-03 -2.361813E-05
-4.9763E-03 -2.517781E-04
-4.9763E-03 -1.376981E-04
-4.9762E-03 -2.361813E-05
-4.9762E-03 -2.361813E-05
-4.9762E-03 9.046188E-05
-4.9762E-03 -2.361813E-05
-4.9762E-03 -2.361813E-05
-4.9761E-03 -1.376981E-04
-4.9761E-03 -2.361813E-05
-4.9761E-03 -1.376981E-04
-4.9761E-03 -2.361813E-05
-4.9761E-03 -2.517781E-04
-4.9760E-03 -2.361813E-05
-4.9760E-03 -1.376981E-04
-4.9760E-03 -3.658581E-04
-4.9760E-03 -2.517781E-04
-4.9760E-03 -3.658581E-04
-4.9759E-03 -5.940181E-04
-4.9759E-03 -5.940181E-04
-4.9759E-03 -7.080981E-04
-4.9759E-03 -7.080981E-04
-4.9759E-03 -7.080981E-04
-4.9758E-03 -9.362581E-04
-4.9758E-03 -1.050338E-03
-4.9758E-03 -1.050338E-03
-4.9758E-03 -1.164418E-03
-4.9758E-03 -1.506658E-03
-4.9757E-03 -1.278498E-03
-4.9757E-03 -1.278498E-03
-4.9757E-03 -1.506658E-03
-4.9757E-03 -1.506658E-03
-4.9757E-03 -1.506658E-03
-4.9756E-03 -1.392578E-03
-4.9756E-03 -1.620738E-03
-4.9756E-03 -1.392578E-03
-4.9756E-03 -1.392578E-03
-4.9756E-03 -9.362581E-04
-4.9755E-03 -8.221781E-04
-4.9755E-03 -9.362581E-04
-4.9755E-03 -1.050338E-03
-4.9755E-03 -7.080981E-04
-4.9755E-03 -7.080981E-04
-4.9754E-03 -9.362581E-04
-4.9754E-03 -8.221781E-04
-4.9754E-03 -5.940181E-04
-4.9754E-03 -5.940181E-04
-4.9754E-03 -4.799381E-04
-4.9753E-03 -3.658581E-04
-4.9753E-03 -2.517781E-04
-4.9753E-03 -2.361813E-05
-4.9753E-03 -1.376981E-04
-4.9753E-03 9.046188E-05
-4.9752E-03 9.046188E-05
-4.9752E-03 -2.361813E-05
-4.9752E-03 -2.361813E-05
-4.9752E-03 9.046188E-05
-4.9752E-03 2.045419E-04
-4.9751E-03 9.046188E-05
-4.9751E-03 9.046188E-05
-4.9751E-03 2.045419E-04
-4.9751E-03 3.186219E-04
-4.9751E-03 3.186219E-04
-4.9750E-03 2.045419E-04
-4.9750E-03 3.186219E-04
-4.9750E-03 3.186219E-04
-4.9750E-03 3.186219E-04
-4.9750E-03 -2.361813E-05
-4.9749E-03 2.045419E-04
-4.9749E-03 2.045419E-04
-4.9749E-03 2.045419E-04
-4.9749E-03 2.045419E-04
-4.9749E-03 -2.361813E-05
-4.9748E-03 -1.376981E-04
-4.9748E-03 9.046188E-05
-4.9748E-03 2.045419E-04
-4.9748E-03 -2.361813E-05
-4.9748E-03 9.046188E-05
-4.9747E-03 -2.361813E-05
-4.9747E-03 9.046188E-05
-4.9747E-03 9.046188E-05
-4.9747E-03 -2.517781E-04
-4.9747E-03 -1.376981E-04
-4.9746E-03 9.046188E-05
-4.9746E-03 9.046188E-05
-4.9746E-03 -2.361813E-05
-4.9746E-03 -2.361813E-05
-4.9746E-03 -2.361813E-05
-4.9745E-03 9.046188E-05
-4.9745E-03 -2.361813E-05
-4.9745E-03 -1.376981E-04
-4.9745E-03 9.046188E-05
-4.9745E-03 -2.361813E-05
-4.9744E-03 -1.376981E-04
-4.9744E-03 -1.376981E-04
-4.9744E-03 9.046188E-05
-4.9744E-03 -2.361813E-05
-4.9744E-03 -2.361813E-05
-4.9743E-03 9.046188E-05
-4.9743E-03 9.046188E-05
-4.9743E-03 -2.517781E-04
-4.9743E-03 -1.376981E-04
-4.9743E-03 -2.361813E-05
-4.9742E-03 9.046188E-05
-4.9742E-03 2.045419E-04
-4.9742E-03 -2.361813E-05
-4.9742E-03 -2.361813E-05
-4.9742E-03 -2.361813E-05
-4.9741E-03 -2.517781E-04
-4.9741E-03 9.046188E-05
-4.9741E-03 2.045419E-04
-4.9741E-03 -2.361813E-05
-4.9741E-03 -1.376981E-04
-4.9740E-03 -2.361813E-05
-4.9740E-03 -1.376981E-04
-4.9740E-03 -1.376981E-04
-4.9740E-03 -1.376981E-04
-4.9740E-03 -1.376981E-04
-4.9739E-03 -1.376981E-04
-4.9739E-03 -2.517781E-04
-4.9739E-03 -2.517781E-04
-4.9739E-03 9.046188E-05
-4.9739E-03 -1.376981E-04
-4.9738E-03 -2.361813E-05
-4.9738E-03 -2.361813E-05
-4.9738E-03 -2.361813E-05
-4.9738E-03 -2.517781E-04
-4.9738E-03 -1.376981E-04
-4.9737E-03 -2.517781E-04
-4.9737E-03 -2.517781E-04
-4.9737E-03 -2.361813E-05
-4.9737E-03 -2.361813E-05
-4.9737E-03 -2.517781E-04
-4.9736E-03 -2.517781E-04
-4.9736E-03 -2.517781E-04
-4.9736E-03 -2.361813E-05
-4.9736E-03 -2.361813E-05
-4.9736E-03 -1.376981E-04
-4.9735E-03 -1.376981E-04
-4.9735E-03 -2.517781E-04
-4.9735E-03 -2.517781E-04
-4.9735E-03 -1.376981E-04
-4.9735E-03 -1.376981E-04
-4.9734E-03 -2.517781E-04
-4.9734E-03 -2.361813E-05
-4.9734E-03 -2.517781E-04
-4.9734E-03 -2.361813E-05
-4.9734E-03 -2.361813E-05
-4.9733E-03 9.046188E-05
-4.9733E-03 -2.361813E-05
-4.9733E-03 -2.361813E-05
-4.9733E-03 -1.376981E-04
-4.9733E-03 -2.361813E-05
-4.9732E-03 9.046188E-05
-4.9732E-03 -2.361813E-05
-4.9732E-03 -1.376981E-04
-4.9732E-03 -2.361813E-05
-4.9732E-03 -2.361813E-05
-4.9731E-03 -3.658581E-04
-4.9731E-03 -2.517781E-04
-4.9731E-03 -2.517781E-04
-4.9731E-03 -2.517781E-04
-4.9731E-03 -1.376981E-04
-4.9730E-03 -1.376981E-04
-4.9730E-03 -2.517781E-04
-4.9730E-03 9.046188E-05
-4.9730E-03 -2.361813E-05
-4.9730E-03 -2.361813E-05
-4.9729E-03 -2.361813E-05
-4.9729E-03 -2.361813E-05
-4.9729E-03 -1.376981E-04
-4.9729E-03 -2.361813E-05
-4.9729E-03 -1.376981E-04
-4.9728E-03 -2.361813E-05
-4.9728E-03 -2.361813E-05
-4.9728E-03 -2.517781E-04
-4.9728E-03 -2.361813E-05
-4.9728E-03 -2.361813E-05
-4.9727E-03 -1.376981E-04
-4.9727E-03 -1.376981E-04
-4.9727E-03 -1.376981E-04
-4.9727E-03 -2.361813E-05
-4.9727E-03 -2.517781E-04
-4.9726E-03 -1.376981E-04
-4.9726E-03 -4.799381E-04
-4.9726E-03 -3.658581E-04
-4.9726E-03 -5.940181E-04
-4.9726E-03 -5.940181E-04
-4.9725E-03 -7.080981E-04
-4.9725E-03 -7.080981E-04
-4.9725E-03 -9.362581E-04
-4.9725E-03 -7.080981E-04
-4.9725E-03 -9.362581E-04
-4.9724E-03 -1.050338E-03
-4.9724E-03 -1.164418E-03
-4.9724E-03 -1.506658E-03
-4.9724E-03 -1.392578E-03
-4.9724E-03 -1.164418E-03
-4.9723E-03 -1.506658E-03
-4.9723E-03 -1.278498E-03
-4.9723E-03 -1.506658E-03
-4.9723E-03 -1.392578E-03
-4.9723E-03 -1.620738E-03
-4.9722E-03 -1.506658E-03
-4.9722E-03 -1.392578E-03
-4.9722E-03 -1.392578E-03
-4.9722E-03 -1.050338E-03
-4.9722E-03 -1.392578E-03
-4.9721E-03 -1.050338E-03
-4.9721E-03 -9.362581E-04
-4.9721E-03 -8.221781E-04
-4.9721E-03 -8.221781E-04
-4.9721E-03 -8.221781E-04
-4.9720E-03 -5.940181E-04
-4.9720E-03 -5.940181E-04
-4.9720E-03 -5.940181E-04
-4.9720E-03 -1.376981E-04
-4.9720E-03 -1.376981E-04
-4.9719E-03 9.046188E-05
-4.9719E-03 -1.376981E-04
-4.9719E-03 -2.361813E-05
-4.9719E-03 -2.361813E-05
-4.9719E-03 -2.361813E-05
-4.9718E-03 3.186219E-04
-4.9718E-03 -2.361813E-05
-4.9718E-03 -1.376981E-04
-4.9718E-03 -2.361813E-05
-4.9718E-03 2.045419E-04
-4.9717E-03 2.045419E-04
-4.9717E-03 9.046188E-05
-4.9717E-03 -2.361813E-05
-4.9717E-03 -2.361813E-05
-4.9717E-03 2.045419E-04
-4.9716E-03 -2.361813E-05
-4.9716E-03 2.045419E-04
-4.9716E-03 2.045419E-04
-4.9716E-03 2.045419E-04
-4.9716E-03 9.046188E-05
-4.9715E-03 2.045419E-04
-4.9715E-03 -1.376981E-04
-4.9715E-03 -2.361813E-05
-4.9715E-03 2.045419E-04
-4.9715E-03 2.045419E-04
-4.9714E-03 2.045419E-04
-4.9714E-03 2.045419E-04
-4.9714E-03 3.186219E-04
-4.9714E-03 2.045419E-04
-4.9714E-03 9.046188E-05
-4.9713E-03 -1.376981E-04
-4.9713E-03 -2.361813E-05
-4.9713E-03 -2.361813E-05
-4.9713E-03 9.046188E-05
-4.9713E-03 9.046188E-05
-4.9712E-03 9.046188E-05
-4.9712E-03 -2.361813E-05
-4.9712E-03 9.046188E-05
-4.9712E-03 9.046188E-05
-4.9712E-03 -2.361813E-05
-4.9711E-03 9.046188E-05
-4.9711E-03 9.046188E-05
-4.9711E-03 2.045419E-04
-4.9711E-03 -2.361813E-05
-4.9711E-03 -1.376981E-04
-4.9710E-03 9.046188E-05
-4.9710E-03 -1.376981E-04
-4.9710E-03 9.046188E-05
-4.9710E-03 -2.361813E-05
-4.9710E-03 9.046188E-05
-4.9709E-03 -2.361813E-05
-4.9709E-03 9.046188E-05
-4.9709E-03 9.046188E-05
-4.9709E-03 2.045419E-04
-4.9709E-03 2.045419E-04
-4.9708E-03 -2.361813E-05
-4.9708E-03 -2.361813E-05
-4.9708E-03 9.046188E-05
-4.9708E-03 -2.361813E-05
-4.9708E-03 -2.517781E-04
-4.9707E-03 9.046188E-05
-4.9707E-03 -2.361813E-05
-4.9707E-03 -2.361813E-05
-4.9707E-03 -2.361813E-05
-4.9707E-03 -2.361813E-05
-4.9706E-03 -1.376981E-04
-4.9706E-03 -1.376981E-04
-4.9706E-03 -1.376981E-04
-4.9706E-03 -2.361813E-05
-4.9706E-03 2.045419E-04
-4.9705E-03 2.045419E-04
-4.9705E-03 2.045419E-04
-4.9705E-03 2.045419E-04
-4.9705E-03 -2.361813E-05
-4.9705E-03 9.046188E-05
-4.9704E-03 -2.361813E-05
-4.9704E-03 -2.361813E-05
-4.9704E-03 -2.361813E-05
-4.9704E-03 -2.361813E-05
-4.9704E-03 -1.376981E-04
-4.9703E-03 -1.376981E-04
-4.9703E-03 -2.361813E-05
-4.9703E-03 9.046188E-05
-4.9703E-03 -2.361813E-05
-4.9703E-03 9.046188E-05
-4.9702E-03 -1.376981E-04
-4.9702E-03 -1.376981E-04
-4.9702E-03 -2.361813E-05
-4.9702E-03 -2.361813E-05
-4.9702E-03 -2.361813E-05
-4.9701E-03 9.046188E-05
-4.9701E-03 -2.517781E-04
-4.9701E-03 -2.361813E-05
-4.9701E-03 9.046188E-05
-4.9701E-03 9.046188E-05
-4.9700E-03 -2.361813E-05
-4.9700E-03 -1.376981E-04
-4.9700E-03 -2.361813E-05
-4.9700E-03 -1.376981E-04
-4.9700E-03 -2.361813E-05
-4.9699E-03 -1.376981E-04
-4.9699E-03 -1.376981E-04
-4.9699E-03 -1.376981E-04
-4.9699E-03 -1.376981E-04
-4.9699E-03 -1.376981E-04
-4.9698E-03 -1.376981E-04
-4.9698E-03 -1.376981E-04
-4.9698E-03 -2.517781E-04
-4.9698E-03 -2.517781E-04
-4.9698E-03 -1.376981E-04
-4.9697E-03 -2.361813E-05
-4.9697E-03 -1.376981E-04
-4.9697E-03 -2.517781E-04
-4.9697E-03 -4.799381E-04
-4.9697E-03 -1.376981E-04
-4.9696E-03 -2.361813E-05
-4.9696E-03 -2.361813E-05
-4.9696E-03 -1.376981E-04
-4.9696E-03 -2.361813E-05
-4.9696E-03 -1.376981E-04
-4.9695E-03 -2.361813E-05
-4.9695E-03 -1.376981E-04
-4.9695E-03 -1.376981E-04
-4.9695E-03 -1.376981E-04
-4.9695E-03 -2.361813E-05
-4.9694E-03 -3.658581E-04
-4.9694E-03 -3.658581E-04
-4.9694E-03 -2.361813E-05
-4.9694E-03 9.046188E-05
-4.9694E-03 -2.517781E-04
-4.9693E-03 -3.658581E-04
-4.9693E-03 -3.658581E-04
-4.9693E-03 -1.376981E-04
-4.9693E-03 -3.658581E-04
-4.9693E-03 -2.517781E-04
-4.9692E-03 -2.517781E-04
-4.9692E-03 -3.658581E-04
-4.9692E-03 -4.799381E-04
-4.9692E-03 -5.940181E-04
-4.9692E-03 -5.940181E-04
-4.9691E-03 -8.221781E-04
-4.9691E-03 -8.221781E-04
-4.9691E-03 -8.221781E-04
-4.9691E-03 -9.362581E-04
-4.9691E-03 -1.164418E-03
-4.9690E-03 -1.050338E-03
-4.9690E-03 -1.164418E-03
-4.9690E-03 -1.278498E-03
-4.9690E-03 -1.506658E-03
-4.9690E-03 -1.506658E-03
-4.9689E-03 -1.620738E-03
-4.9689E-03 -1.848898E-03
-4.9689E-03 -1.734818E-03
-4.9689E-03 -1.506658E-03
-4.9689E-03 -1.506658E-03
-4.9688E-03 -1.620738E-03
-4.9688E-03 -1.620738E-03
-4.9688E-03 -1.506658E-03
-4.9688E-03 -1.278498E-03
-4.9688E-03 -1.050338E-03
-4.9687E-03 -1.050338E-03
-4.9687E-03 -9.362581E-04
-4.9687E-03 -8.221781E-04
-4.9687E-03 -8.221781E-04
-4.9687E-03 -9.362581E-04
-4.9686E-03 -4.799381E-04
-4.9686E-03 -3.658581E-04
-4.9686E-03 -3.658581E-04
-4.9686E-03 -4.799381E-04
-4.9686E-03 -1.376981E-04
-4.9685E-03 9.046188E-05
-4.9685E-03 -2.517781E-04
-4.9685E-03 2.045419E-04
-4.9685E-03 2.045419E-04
-4.9685E-03 9.046188E-05
-4.9684E-03 2.045419E-04
-4.9684E-03 9.046188E-05
-4.9684E-03 2.045419E-04
-4.9684E-03 2.045419E-04
-4.9684E-03 -2.361813E-05
-4.9683E-03 2.045419E-04
-4.9683E-03 2.045419E-04
-4.9683E-03 2.045419E-04
-4.9683E-03 9.046188E-05
-4.9683E-03 9.046188E-05
-4.9682E-03 3.186219E-04
-4.9682E-03 2.045419E-04
-4.9682E-03 9.046188E-05
-4.9682E-03 9.046188E-05
-4.9682E-03 2.045419E-04
-4.9681E-03 2.045419E-04
-4.9681E-03 2.045419E-04
-4.9681E-03 9.046188E-05
-4.9681E-03 2.045419E-04
-4.9681E-03 2.045419E-04
-4.9680E-03 2.045419E-04
-4.9680E-03 9.046188E-05
-4.9680E-03 -1.376981E-04
-4.9680E-03 9.046188E-05
-4.9680E-03 2.045419E-04
-4.9679E-03 -2.361813E-05
-4.9679E-03 9.046188E-05
-4.9679E-03 -2.361813E-05
-4.9679E-03 -2.361813E-05
-4.9679E-03 2.045419E-04
-4.9678E-03 9.046188E-05
-4.9678E-03 -2.361813E-05
-4.9678E-03 -2.361813E-05
-4.9678E-03 9.046188E-05
-4.9678E-03 9.046188E-05
-4.9677E-03 2.045419E-04
-4.9677E-03 2.045419E-04
-4.9677E-03 -2.361813E-05
-4.9677E-03 9.046188E-05
-4.9677E-03 9.046188E-05
-4.9676E-03 9.046188E-05
-4.9676E-03 9.046188E-05
-4.9676E-03 2.045419E-04
-4.9676E-03 -2.361813E-05
-4.9676E-03 -2.361813E-05
-4.9675E-03 -1.376981E-04
-4.9675E-03 9.046188E-05
-4.9675E-03 9.046188E-05
-4.9675E-03 -2.361813E-05
-4.9675E-03 9.046188E-05
-4.9674E-03 -2.361813E-05
-4.9674E-03 9.046188E-05
-4.9674E-03 -2.361813E-05
-4.9674E-03 9.046188E-05
-4.9674E-03 -2.361813E-05
-4.9673E-03 9.046188E-05
-4.9673E-03 9.046188E-05
-4.9673E-03 -1.376981E-04
-4.9673E-03 -2.361813E-05
-4.9673E-03 -1.376981E-04
-4.9672E-03 -1.376981E-04
-4.9672E-03 -2.361813E-05
-4.9672E-03 -2.361813E-05
-4.9672E-03 -2.361813E-05
-4.9672E-03 9.046188E-05
-4.9671E-03 -2.361813E-05
-4.9671E-03 9.046188E-05
-4.9671E-03 9.046188E-05
-4.9671E-03 9.046188E-05
-4.9671E-03 -2.361813E-05
-4.9670E-03 9.046188E-05
-4.9670E-03 9.046188E-05
-4.9670E-03 9.046188E-05
-4.9670E-03 9.046188E-05
-4.9670E-03 -2.361813E-05
-4.9669E-03 -2.361813E-05
-4.9669E-03 -2.517781E-04
-4.9669E-03 -1.376981E-04
-4.9669E-03 9.046188E-05
-4.9669E-03 -1.376981E-04
-4.9668E-03 -3.658581E-04
-4.9668E-03 -2.517781E-04
-4.9668E-03 -1.376981E-04
-4.9668E-03 -2.517781E-04
-4.9668E-03 -2.517781E-04
-4.9667E-03 -3.658581E-04
-4.9667E-03 -2.517781E-04
-4.9667E-03 -2.517781E-04
-4.9667E-03 -1.376981E-04
-4.9667E-03 -2.361813E-05
-4.9666E-03 -2.361813E-05
-4.9666E-03 -2.361813E-05
-4.9666E-03 -2.361813E-05
-4.9666E-03 -2.361813E-05
-4.9666E-03 -2.361813E-05
-4.9665E-03 -2.361813E-05
-4.9665E-03 -2.361813E-05
-4.9665E-03 -2.361813E-05
-4.9665E-03 -1.376981E-04
-4.9665E-03 -2.361813E-05
-4.9664E-03 -2.361813E-05
-4.9664E-03 -1.376981E-04
-4.9664E-03 -2.361813E-05
-4.9664E-03 -1.376981E-04
-4.9664E-03 9.046188E-05
-4.9663E-03 -2.361813E-05
-4.9663E-03 -1.376981E-04
-4.9663E-03 -2.517781E-04
-4.9663E-03 -2.517781E-04
-4.9663E-03 -2.517781E-04
-4.9662E-03 -1.376981E-04
-4.9662E-03 -2.361813E-05
-4.9662E-03 -2.361813E-05
-4.9662E-03 -2.361813E-05
-4.9662E-03 -2.517781E-04
-4.9661E-03 -2.517781E-04
-4.9661E-03 -2.517781E-04
-4.9661E-03 9.046188E-05
-4.9661E-03 -2.361813E-05
-4.9661E-03 -2.517781E-04
-4.9660E-03 -3.658581E-04
-4.9660E-03 -1.376981E-04
-4.9660E-03 -2.517781E-04
-4.9660E-03 -1.376981E-04
-4.9660E-03 -1.376981E-04
-4.9659E-03 -2.517781E-04
-4.9659E-03 -3.658581E-04
-4.9659E-03 -3.658581E-04
-4.9659E-03 -2.517781E-04
-4.9659E-03 -4.799381E-04
-4.9658E-03 -5.940181E-04
-4.9658E-03 -5.940181E-04
-4.9658E-03 -5.940181E-04
-4.9658E-03 -5.940181E-04
-4.9658E-03 -5.940181E-04
-4.9657E-03 -1.050338E-03
-4.9657E-03 -9.362581E-04
-4.9657E-03 -7.080981E-04
-4.9657E-03 -8.221781E-04
-4.9657E-03 -8.221781E-04
-4.9656E-03 -9.362581E-04
-4.9656E-03 -1.278498E-03
-4.9656E-03 -1.392578E-03
-4.9656E-03 -1.278498E-03
-4.9656E-03 -1.278498E-03
-4.9655E-03 -1.164418E-03
-4.9655E-03 -1.392578E-03
-4.9655E-03 -1.506658E-03
-4.9655E-03 -1.392578E-03
-4.9655E-03 -1.506658E-03
-4.9654E-03 -1.620738E-03
-4.9654E-03 -1.392578E-03
-4.9654E-03 -1.278498E-03
-4.9654E-03 -1.164418E-03
-4.9654E-03 -9.362581E-04
-4.9653E-03 -9.362581E-04
-4.9653E-03 -1.050338E-03
-4.9653E-03 -8.221781E-04
-4.9653E-03 -4.799381E-04
-4.9653E-03 -4.799381E-04
-4.9652E-03 -5.940181E-04
-4.9652E-03 -2.361813E-05
-4.9652E-03 -2.361813E-05
-4.9652E-03 -2.361813E-05
-4.9652E-03 2.045419E-04
-4.9651E-03 9.046188E-05
-4.9651E-03 9.046188E-05
-4.9651E-03 2.045419E-04
-4.9651E-03 3.186219E-04
-4.9651E-03 3.186219E-04
-4.9650E-03 4.327019E-04
-4.9650E-03 3.186219E-04
-4.9650E-03 4.327019E-04
-4.9650E-03 3.186219E-04
-4.9650E-03 2.045419E-04
-4.9649E-03 2.045419E-04
-4.9649E-03 4.327019E-04
-4.9649E-03 4.327019E-04
-4.9649E-03 2.045419E-04
-4.9649E-03 9.046188E-05
-4.9648E-03 3.186219E-04
-4.9648E-03 2.045419E-04
-4.9648E-03 4.327019E-04
-4.9648E-03 2.045419E-04
-4.9648E-03 2.045419E-04
-4.9647E-03 9.046188E-05
-4.9647E-03 -2.361813E-05
-4.9647E-03 2.045419E-04
-4.9647E-03 2.045419E-04
-4.9647E-03 3.186219E-04
-4.9646E-03 2.045419E-04
-4.9646E-03 9.046188E-05
-4.9646E-03 9.046188E-05
-4.9646E-03 2.045419E-04
-4.9646E-03 9.046188E-05
-4.9645E-03 2.045419E-04
-4.9645E-03 4.327019E-04
-4.9645E-03 2.045419E-04
-4.9645E-03 9.046188E-05
-4.9645E-03 9.046188E-05
-4.9644E-03 9.046188E-05
-4.9644E-03 9.046188E-05
-4.9644E-03 9.046188E-05
-4.9644E-03 9.046188E-05
-4.9644E-03 9.046188E-05
-4.9643E-03 -2.361813E-05
-4.9643E-03 9.046188E-05
-4.9643E-03 9.046188E-05
-4.9643E-03 -2.361813E-05
-4.9643E-03 9.046188E-05
-4.9642E-03 -2.361813E-05
-4.9642E-03 -2.361813E-05
-4.9642E-03 -2.361813E-05
-4.9642E-03 -2.361813E-05
-4.9642E-03 -2.361813E-05
-4.9641E-03 -1.376981E-04
-4.9641E-03 -2.361813E-05
-4.9641E-03 -2.361813E-05
-4.9641E-03 -2.361813E-05
-4.9641E-03 -1.376981E-04
-4.9640E-03 -2.517781E-04
-4.9640E-03 -2.361813E-05
-4.9640E-03 9.046188E-05
-4.9640E-03 9.046188E-05
-4.9640E-03 -2.517781E-04
-4.9639E-03 -2.517781E-04
-4.9639E-03 -2.361813E-05
-4.9639E-03 -1.376981E-04
-4.9639E-03 -2.361813E-05
-4.9639E-03 -2.361813E-05
-4.9638E-03 -1.376981E-04
-4.9638E-03 -2.361813E-05
-4.9638E-03 -1.376981E-04
-4.9638E-03 -1.376981E-04
-4.9638E-03 -2.361813E-05
-4.9637E-03 -2.361813E-05
-4.9637E-03 -2.361813E-05
-4.9637E-03 2.045419E-04
-4.9637E-03 -1.376981E-04
-4.9637E-03 -2.361813E-05
-4.9636E-03 -1.376981E-04
-4.9636E-03 -1.376981E-04
-4.9636E-03 -1.376981E-04
-4.9636E-03 9.046188E-05
-4.9636E-03 -1.376981E-04
-4.9635E-03 -2.361813E-05
-4.9635E-03 9.046188E-05
-4.9635E-03 -2.361813E-05
-4.9635E-03 9.046188E-05
-4.9635E-03 9.046188E-05
-4.9634E-03 9.046188E-05
-4.9634E-03 -2.361813E-05
-4.9634E-03 -2.361813E-05
-4.9634E-03 -1.376981E-04
-4.9634E-03 -1.376981E-04
-4.9633E-03 -2.517781E-04
-4.9633E-03 -1.376981E-04
-4.9633E-03 -1.376981E-04
-4.9633E-03 -2.361813E-05
-4.9633E-03 -2.517781E-04
-4.9632E-03 -2.361813E-05
-4.9632E-03 -2.361813E-05
-4.9632E-03 -2.517781E-04
-4.9632E-03 -2.517781E-04
-4.9632E-03 -2.361813E-05
-4.9631E-03 9.046188E-05
-4.9631E-03 -1.376981E-04
-4.9631E-03 -2.361813E-05
-4.9631E-03 -1.376981E-04
-4.9631E-03 -1.376981E-04
-4.9630E-03 -2.517781E-04
-4.9630E-03 -2.361813E-05
-4.9630E-03 -2.517781E-04
-4.9630E-03 -1.376981E-04
-4.9630E-03 -1.376981E-04
-4.9629E-03 -2.361813E-05
-4.9629E-03 -1.376981E-04
-4.9629E-03 -2.517781E-04
-4.9629E-03 -2.361813E-05
-4.9629E-03 -1.376981E-04
-4.9628E-03 -2.517781E-04
-4.9628E-03 -2.361813E-05
-4.9628E-03 -2.517781E-04
-4.9628E-03 -1.376981E-04
-4.9628E-03 -1.376981E-04
-4.9627E-03 9.046188E-05
-4.9627E-03 9.046188E-05
-4.9627E-03 -2.517781E-04
-4.9627E-03 -2.517781E-04
-4.9627E-03 -1.376981E-04
-4.9626E-03 -2.361813E-05
-4.9626E-03 -4.799381E-04
-4.9626E-03 -4.799381E-04
-4.9626E-03 -3.658581E-04
-4.9626E-03 -3.658581E-04
-4.9625E-03 -4.799381E-04
-4.9625E-03 -3.658581E-04
-4.9625E-03 -3.658581E-04
-4.9625E-03 -4.799381E-04
-4.9625E-03 -4.799381E-04
-4.9624E-03 -7.080981E-04
-4.9624E-03 -8.221781E-04
-4.9624E-03 -8.221781E-04
-4.9624E-03 -5.940181E-04
-4.9624E-03 -8.221781E-04
-4.9623E-03 -9.362581E-04
-4.9623E-03 -1.050338E-03
-4.9623E-03 -1.278498E-03
-4.9623E-03 -1.164418E-03
-4.9623E-03 -1.392578E-03
-4.9622E-03 -1.278498E-03
-4.9622E-03 -1.392578E-03
-4.9622E-03 -1.392578E-03
-4.9622E-03 -1.392578E-03
-4.9622E-03 -1.506658E-03
-4.9621E-03 -1.392578E-03
-4.9621E-03 -1.620738E-03
-4.9621E-03 -1.620738E-03
-4.9621E-03 -1.620738E-03
-4.9621E-03 -1.620738E-03
-4.9620E-03 -1.506658E-03
-4.9620E-03 -1.278498E-03
-4.9620E-03 -1.392578E-03
-4.9620E-03 -1.164418E-03
-4.9620E-03 -1.164418E-03
-4.9619E-03 -7.080981E-04
-4.9619E-03 -7.080981E-04
-4.9619E-03 -7.080981E-04
-4.9619E-03 -8.221781E-04
-4.9619E-03 -5.940181E-04
-4.9618E-03 -1.376981E-04
-4.9618E-03 -1.376981E-04
-4.9618E-03 -1.376981E-04
-4.9618E-03 -2.517781E-04
-4.9618E-03 -1.376981E-04
-4.9617E-03 -1.376981E-04
-4.9617E-03 9.046188E-05
-4.9617E-03 3.186219E-04
-4.9617E-03 3.186219E-04
-4.9617E-03 3.186219E-04
-4.9616E-03 9.046188E-05
-4.9616E-03 3.186219E-04
-4.9616E-03 9.046188E-05
-4.9616E-03 -2.361813E-05
-4.9616E-03 2.045419E-04
-4.9615E-03 9.046188E-05
-4.9615E-03 2.045419E-04
-4.9615E-03 3.186219E-04
-4.9615E-03 9.046188E-05
-4.9615E-03 4.327019E-04
-4.9614E-03 2.045419E-04
-4.9614E-03 -1.376981E-04
-4.9614E-03 9.046188E-05
-4.9614E-03 9.046188E-05
-4.9614E-03 2.045419E-04
-4.9613E-03 2.045419E-04
-4.9613E-03 -2.361813E-05
-4.9613E-03 -2.361813E-05
-4.9613E-03 -2.361813E-05
-4.9613E-03 -2.361813E-05
-4.9612E-03 -2.361813E-05
-4.9612E-03 -2.361813E-05
-4.9612E-03 -2.361813E-05
-4.9612E-03 9.046188E-05
-4.9612E-03 9.046188E-05
-4.9611E-03 -2.361813E-05
-4.9611E-03 2.045419E-04
-4.9611E-03 -2.361813E-05
-4.9611E-03 9.046188E-05
-4.9611E-03 -2.361813E-05
-4.9610E-03 -2.361813E-05
-4.9610E-03 -2.361813E-05
-4.9610E-03 -2.361813E-05
-4.9610E-03 -2.361813E-05
-4.9610E-03 -2.361813E-05
-4.9609E-03 -1.376981E-04
-4.9609E-03 -1.376981E-04
-4.9609E-03 -1.376981E-04
-4.9609E-03 -2.361813E-05
-4.9609E-03 -3.658581E-04
-4.9608E-03 -1.376981E-04
-4.9608E-03 -2.517781E-04
-4.9608E-03 -2.517781E-04
-4.9608E-03 -3.658581E-04
-4.9608E-03 -2.517781E-04
-4.9607E-03 -3.658581E-04
-4.9607E-03 -2.361813E-05
-4.9607E-03 -2.361813E-05
-4.9607E-03 -3.658581E-04
-4.9607E-03 -2.517781E-04
-4.9606E-03 -3.658581E-04
-4.9606E-03 -2.517781E-04
-4.9606E-03 -2.517781E-04
-4.9606E-03 -2.517781E-04
-4.9606E-03 -1.376981E-04
-4.9605E-03 2.045419E-04
-4.9605E-03 -1.376981E-04
-4.9605E-03 2.045419E-04
-4.9605E-03 -2.361813E-05
-4.9605E-03 -2.361813E-05
-4.9604E-03 -2.361813E-05
-4.9604E-03 2.045419E-04
-4.9604E-03 9.046188E-05
-4.9604E-03 -2.517781E-04
-4.9604E-03 -2.361813E-05
-4.9603E-03 -1.376981E-04
-4.9603E-03 -2.517781E-04
-4.9603E-03 -1.376981E-04
-4.9603E-03 -2.517781E-04
-4.9603E-03 -1.376981E-04
-4.9602E-03 -2.517781E-04
-4.9602E-03 -1.376981E-04
-4.9602E-03 -2.517781E-04
-4.9602E-03 -1.376981E-04
-4.9602E-03 -1.376981E-04
-4.9601E-03 -1.376981E-04
-4.9601E-03 -2.517781E-04
-4.9601E-03 -2.517781E-04
-4.9601E-03 -2.361813E-05
-4.9601E-03 -2.361813E-05
-4.9600E-03 -2.517781E-04
-4.9600E-03 -2.517781E-04
-4.9600E-03 -2.517781E-04
-4.9600E-03 -2.361813E-05
-4.9600E-03 -2.361813E-05
-4.9599E-03 -1.376981E-04
-4.9599E-03 -1.376981E-04
-4.9599E-03 -1.376981E-04
-4.9599E-03 9.046188E-05
-4.9599E-03 -1.376981E-04
-4.9598E-03 -1.376981E-04
-4.9598E-03 -2.361813E-05
-4.9598E-03 -2.361813E-05
-4.9598E-03 -2.361813E-05
-4.9598E-03 -1.376981E-04
-4.9597E-03 -2.361813E-05
-4.9597E-03 -2.517781E-04
-4.9597E-03 -2.361813E-05
-4.9597E-03 -2.361813E-05
-4.9597E-03 2.045419E-04
-4.9596E-03 9.046188E-05
-4.9596E-03 9.046188E-05
-4.9596E-03 -2.361813E-05
-4.9596E-03 -2.361813E-05
-4.9596E-03 2.045419E-04
-4.9595E-03 9.046188E-05
-4.9595E-03 -1.376981E-04
-4.9595E-03 -1.376981E-04
-4.9595E-03 -2.517781E-04
-4.9595E-03 -2.517781E-04
-4.9594E-03 -1.376981E-04
-4.9594E-03 -3.658581E-04
-4.9594E-03 -1.376981E-04
-4.9594E-03 -1.376981E-04
-4.9594E-03 -2.361813E-05
-4.9593E-03 -1.376981E-04
-4.9593E-03 9.046188E-05
-4.9593E-03 -2.361813E-05
-4.9593E-03 -1.376981E-04
-4.9593E-03 -2.361813E-05
-4.9592E-03 -2.361813E-05
-4.9592E-03 -1.376981E-04
-4.9592E-03 -2.361813E-05
-4.9592E-03 -2.517781E-04
-4.9592E-03 -1.376981E-04
-4.9591E-03 -1.376981E-04
-4.9591E-03 -2.517781E-04
-4.9591E-03 -3.658581E-04
-4.9591E-03 -3.658581E-04
-4.9591E-03 -3.658581E-04
-4.9590E-03 -3.658581E-04
-4.9590E-03 -4.799381E-04
-4.9590E-03 -7.080981E-04
-4.9590E-03 -7.080981E-04
-4.9590E-03 -4.799381E-04
-4.9589E-03 -8.221781E-04
-4.9589E-03 -1.278498E-03
-4.9589E-03 -1.050338E-03
-4.9589E-03 -1.164418E-03
-4.9589E-03 -1.050338E-03
-4.9588E-03 -1.278498E-03
-4.9588E-03 -1.392578E-03
-4.9588E-03 -1.392578E-03
-4.9588E-03 -1.506658E-03
-4.9588E-03 -1.506658E-03
-4.9587E-03 -1.164418E-03
-4.9587E-03 -1.278498E-03
-4.9587E-03 -1.278498E-03
-4.9587E-03 -1.278498E-03
-4.9587E-03 -1.392578E-03
-4.9586E-03 -1.278498E-03
-4.9586E-03 -1.164418E-03
-4.9586E-03 -1.164418E-03
-4.9586E-03 -9.362581E-04
-4.9586E-03 -8.221781E-04
-4.9585E-03 -5.940181E-04
-4.9585E-03 -4.799381E-04
-4.9585E-03 -5.940181E-04
-4.9585E-03 -4.799381E-04
-4.9585E-03 -2.517781E-04
-4.9584E-03 -2.361813E-05
-4.9584E-03 -2.361813E-05
-4.9584E-03 2.045419E-04
-4.9584E-03 9.046188E-05
-4.9584E-03 9.046188E-05
-4.9583E-03 2.045419E-04
-4.9583E-03 3.186219E-04
-4.9583E-03 5.467819E-04
-4.9583E-03 5.467819E-04
-4.9583E-03 4.327019E-04
-4.9582E-03 3.186219E-04
-4.9582E-03 4.327019E-04
-4.9582E-03 3.186219E-04
-4.9582E-03 3.186219E-04
-4.9582E-03 3.186219E-04
-4.9581E-03 3.186219E-04
-4.9581E-03 3.186219E-04
-4.9581E-03 2.045419E-04
-4.9581E-03 4.327019E-04
-4.9581E-03 4.327019E-04
-4.9580E-03 2.045419E-04
-4.9580E-03 2.045419E-04
-4.9580E-03 2.045419E-04
-4.9580E-03 4.327019E-04
-4.9580E-03 2.045419E-04
-4.9579E-03 4.327019E-04
-4.9579E-03 2.045419E-04
-4.9579E-03 2.045419E-04
-4.9579E-03 3.186219E-04
-4.9579E-03 4.327019E-04
-4.9578E-03 9.046188E-05
-4.9578E-03 9.046188E-05
-4.9578E-03 4.327019E-04
-4.9578E-03 2.045419E-04
-4.9578E-03 3.186219E-04
-4.9577E-03 3.186219E-04
-4.9577E-03 9.046188E-05
-4.9577E-03 2.045419E-04
-4.9577E-03 3.186219E-04
-4.9577E-03 2.045419E-04
-4.9576E-03 -2.361813E-05
-4.9576E-03 9.046188E-05
-4.9576E-03 9.046188E-05
-4.9576E-03 9.046188E-05
-4.9576E-03 9.046188E-05
-4.9575E-03 -2.361813E-05
-4.9575E-03 2.045419E-04
-4.9575E-03 -2.361813E-05
-4.9575E-03 9.046188E-05
-4.9575E-03 9.046188E-05
-4.9574E-03 9.046188E-05
-4.9574E-03 2.045419E-04
-4.9574E-03 2.045419E-04
-4.9574E-03 2.045419E-04
-4.9574E-03 9.046188E-05
-4.9573E-03 -1.376981E-04
-4.9573E-03 -2.361813E-05
-4.9573E-03 2.045419E-04
-4.9573E-03 3.186219E-04
-4.9573E-03 9.046188E-05
-4.9572E-03 2.045419E-04
-4.9572E-03 -2.361813E-05
-4.9572E-03 9.046188E-05
-4.9572E-03 2.045419E-04
-4.9572E-03 9.046188E-05
-4.9571E-03 -2.361813E-05
-4.9571E-03 9.046188E-05
-4.9571E-03 9.046188E-05
-4.9571E-03 2.045419E-04
-4.9571E-03 9.046188E-05
-4.9570E-03 9.046188E-05
-4.9570E-03 -1.376981E-04
-4.9570E-03 -2.361813E-05
-4.9570E-03 -2.361813E-05
-4.9570E-03 9.046188E-05
-4.9569E-03 9.046188E-05
-4.9569E-03 9.046188E-05
-4.9569E-03 2.045419E-04
-4.9569E-03 2.045419E-04
-4.9569E-03 -2.361813E-05
-4.9568E-03 -2.517781E-04
-4.9568E-03 -1.376981E-04
-4.9568E-03 -2.361813E-05
-4.9568E-03 -1.376981E-04
-4.9568E-03 9.046188E-05
-4.9567E-03 -1.376981E-04
-4.9567E-03 -2.361813E-05
-4.9567E-03 9.046188E-05
-4.9567E-03 9.046188E-05
-4.9567E-03 9.046188E-05
-4.9566E-03 -2.361813E-05
-4.9566E-03 -1.376981E-04
-4.9566E-03 -2.517781E-04
-4.9566E-03 -1.376981E-04
-4.9566E-03 9.046188E-05
-4.9565E-03 -2.361813E-05
-4.9565E-03 -2.361813E-05
-4.9565E-03 -1.376981E-04
-4.9565E-03 9.046188E-05
-4.9565E-03 -2.361813E-05
-4.9564E-03 -2.361813E-05
-4.9564E-03 -2.517781E-04
-4.9564E-03 -1.376981E-04
-4.9564E-03 -1.376981E-04
-4.9564E-03 9.046188E-05
-4.9563E-03 9.046188E-05
-4.9563E-03 -2.361813E-05
-4.9563E-03 -2.361813E-05
-4.9563E-03 -2.361813E-05
-4.9563E-03 9.046188E-05
-4.9562E-03 9.046188E-05
-4.9562E-03 9.046188E-05
-4.9562E-03 -2.361813E-05
-4.9562E-03 -2.361813E-05
-4.9562E-03 -2.361813E-05
-4.9561E-03 9.046188E-05
-4.9561E-03 -1.376981E-04
-4.9561E-03 9.046188E-05
-4.9561E-03 -2.361813E-05
-4.9561E-03 -2.361813E-05
-4.9560E-03 -2.361813E-05
-4.9560E-03 -2.361813E-05
-4.9560E-03 9.046188E-05
-4.9560E-03 9.046188E-05
-4.9560E-03 -2.361813E-05
-4.9559E-03 -2.361813E-05
-4.9559E-03 -2.361813E-05
-4.9559E-03 -2.361813E-05
-4.9559E-03 -2.361813E-05
-4.9559E-03 -1.376981E-04
-4.9558E-03 -1.376981E-04
-4.9558E-03 -1.376981E-04
-4.9558E-03 -1.376981E-04
-4.9558E-03 -3.658581E-04
-4.9558E-03 -3.658581E-04
-4.9557E-03 -2.517781E-04
-4.9557E-03 -3.658581E-04
-4.9557E-03 -5.940181E-04
-4.9557E-03 -3.658581E-04
-4.9557E-03 -7.080981E-04
-4.9556E-03 -7.080981E-04
-4.9556E-03 -7.080981E-04
-4.9556E-03 -8.221781E-04
-4.9556E-03 -1.050338E-03
-4.9556E-03 -1.050338E-03
-4.9555E-03 -1.050338E-03
-4.9555E-03 -1.392578E-03
-4.9555E-03 -1.392578E-03
-4.9555E-03 -1.278498E-03
-4.9555E-03 -1.392578E-03
-4.9554E-03 -1.506658E-03
-4.9554E-03 -1.734818E-03
-4.9554E-03 -1.506658E-03
-4.9554E-03 -1.962978E-03
-4.9554E-03 -1.620738E-03
-4.9553E-03 -1.848898E-03
-4.9553E-03 -1.734818E-03
-4.9553E-03 -1.620738E-03
-4.9553E-03 -1.506658E-03
-4.9553E-03 -1.392578E-03
-4.9552E-03 -1.278498E-03
-4.9552E-03 -1.164418E-03
-4.9552E-03 -9.362581E-04
-4.9552E-03 -8.221781E-04
-4.9552E-03 -7.080981E-04
-4.9551E-03 -4.799381E-04
-4.9551E-03 -5.940181E-04
-4.9551E-03 -3.658581E-04
-4.9551E-03 -1.376981E-04
-4.9551E-03 -3.658581E-04
-4.9550E-03 -2.517781E-04
-4.9550E-03 -3.658581E-04
-4.9550E-03 -2.517781E-04
-4.9550E-03 9.046188E-05
-4.9550E-03 9.046188E-05
-4.9549E-03 -2.361813E-05
-4.9549E-03 9.046188E-05
-4.9549E-03 9.046188E-05
-4.9549E-03 9.046188E-05
-4.9549E-03 2.045419E-04
-4.9548E-03 2.045419E-04
-4.9548E-03 9.046188E-05
-4.9548E-03 3.186219E-04
-4.9548E-03 9.046188E-05
-4.9548E-03 3.186219E-04
-4.9547E-03 2.045419E-04
-4.9547E-03 9.046188E-05
-4.9547E-03 4.327019E-04
-4.9547E-03 3.186219E-04
-4.9547E-03 4.327019E-04
-4.9546E-03 2.045419E-04
-4.9546E-03 3.186219E-04
-4.9546E-03 2.045419E-04
-4.9546E-03 4.327019E-04
-4.9546E-03 2.045419E-04
-4.9545E-03 9.046188E-05
-4.9545E-03 4.327019E-04
-4.9545E-03 9.046188E-05
-4.9545E-03 2.045419E-04
-4.9545E-03 3.186219E-04
-4.9544E-03 2.045419E-04
-4.9544E-03 9.046188E-05
-4.9544E-03 3.186219E-04
-4.9544E-03 9.046188E-05
-4.9544E-03 -2.361813E-05
-4.9543E-03 -2.361813E-05
-4.9543E-03 9.046188E-05
-4.9543E-03 -1.376981E-04
-4.9543E-03 -2.361813E-05
-4.9543E-03 9.046188E-05
-4.9542E-03 -2.361813E-05
-4.9542E-03 -2.361813E-05
-4.9542E-03 -2.361813E-05
-4.9542E-03 -2.361813E-05
-4.9542E-03 -1.376981E-04
-4.9541E-03 -1.376981E-04