4.998779e+007 -58.4009
5.004883e+007 -59.7393
5.010986e+007 -65.2724
5.01709e+007 -66.4242
5.023193e+007 -68.9317
5.029297e+007 -64.1722
5.0354e+007 -63.3839
5.041504e+007 -61.1588
5.047607e+007 -62.4408
5.053711e+007 -70.474
5.059814e+007 -66.9916
5.065918e+007 -56.6621
5.072021e+007 -53.6095
5.078125e+007 -55.8173
5.084229e+007 -59.4716
5.090332e+007 -62.151
5.096436e+007 -61.8686
5.102539e+007 -60.648
5.108643e+007 -65.7047
5.114746e+007 -70.9873
5.12085e+007 -70.5231
5.126953e+007 -69.6046
5.133057e+007 -62.2787
5.13916e+007 -58.7349
5.145264e+007 -61.5788
5.151367e+007 -68.9022
5.157471e+007 -70.8719
5.163574e+007 -69.5039
5.169678e+007 -69.8699
5.175781e+007 -79.2808
5.181885e+007 -71.255
5.187988e+007 -72.1268
5.194092e+007 -60.7045
5.200195e+007 -57.308
5.206299e+007 -68.5314
5.212402e+007 -59.4618
5.218506e+007 -59.1745
5.224609e+007 -62.4359
5.230713e+007 -61.1024
5.236816e+007 -62.1879
5.24292e+007 -66.8049
5.249023e+007 -64.0789
5.255127e+007 -64.101
5.26123e+007 -68.2686
5.267334e+007 -67.4852
5.273437e+007 -60.7217
5.279541e+007 -61.0115
5.285645e+007 -73.5439
5.291748e+007 -59.6755
5.297852e+007 -58.1651
5.303955e+007 -63.9954
5.310059e+007 -60.2477
5.316162e+007 -75.2703
5.322266e+007 -61.2546
5.328369e+007 -68.7844
5.334473e+007 -61.2202
5.340576e+007 -61.9987
5.34668e+007 -62.5047
5.352783e+007 -66.8786
5.358887e+007 -69.4401
5.36499e+007 -68.8629
5.371094e+007 -67.662
5.377197e+007 -64.4006
5.383301e+007 -65.0514
5.389404e+007 -74.0399
5.395508e+007 -66.4832
5.401611e+007 -67.0603
5.407715e+007 -76.5228
5.413818e+007 -67.6571
5.419922e+007 -64.936
5.426025e+007 -71.8247
5.432129e+007 -73.1632
5.438232e+007 -75.4791
5.444336e+007 -66.8639
5.450439e+007 -59.0738
5.456543e+007 -62.1461
5.462646e+007 -85.7177
5.46875e+007 -74.2069
5.474854e+007 -68.2048
5.480957e+007 -61.6107
5.487061e+007 -59.9604
5.493164e+007 -54.2873
5.499268e+007 -52.2808
5.505371e+007 -58.2609
5.511475e+007 -62.2321
5.517578e+007 -58.9633
5.523682e+007 -68.1065
5.529785e+007 -62.846
5.535889e+007 -64.4841
5.541992e+007 -72.1022
5.548096e+007 -69.6046
5.554199e+007 -67.6031
5.560303e+007 -60.6235
5.566406e+007 -66.1271
5.57251e+007 -64.0519
5.578613e+007 -62.4703
5.584717e+007 -65.3142
5.59082e+007 -62.1829
5.596924e+007 -65.3412
5.603027e+007 -73.647
5.609131e+007 -61.9054
5.615234e+007 -59.7614
5.621338e+007 -60.3263
5.627441e+007 -68.4921
5.633545e+007 -71.1248
5.639648e+007 -68.1335
5.645752e+007 -67.0284
5.651855e+007 -69.7397
5.657959e+007 -62.7527
5.664062e+007 -61.79
5.670166e+007 -60.0954
5.67627e+007 -60.4098
5.682373e+007 -63.7522
5.688477e+007 -63.4944
5.69458e+007 -71.5423
5.700684e+007 -77.6329
5.706787e+007 -75.0935
5.712891e+007 -63.0818
5.718994e+007 -61.0974
5.725098e+007 -60.9427
5.731201e+007 -57.8262
5.737305e+007 -58.5163
5.743408e+007 -66.9965
5.749512e+007 -73.561
5.755615e+007 -63.7203
5.761719e+007 -60.2772
5.767822e+007 -58.4304
5.773926e+007 -57.1754
5.780029e+007 -59.4324
5.786133e+007 -61.3479
5.792236e+007 -59.6657
5.79834e+007 -65.5229
5.804443e+007 -68.7524
5.810547e+007 -69.2657
5.81665e+007 -59.312
5.822754e+007 -55.5791
5.828857e+007 -59.231
5.834961e+007 -85.1528
5.841064e+007 -65.8864
5.847168e+007 -62.7502
5.853271e+007 -64.9949
5.859375e+007 -68.9489
5.865479e+007 -80.0421
5.871582e+007 -65.7292
5.877686e+007 -63.4821
5.883789e+007 -72.0924
5.889893e+007 -66.7951
5.895996e+007 -61.9447
5.9021e+007 -66.7091
5.908203e+007 -63.9905
5.914307e+007 -61.8686
5.92041e+007 -65.8889
5.926514e+007 -63.0597
5.932617e+007 -61.9374
5.938721e+007 -61.7311
5.944824e+007 -62.6103
5.950928e+007 -63.1579
5.957031e+007 -61.8612
5.963135e+007 -63.0769
5.969238e+007 -62.6962
5.975342e+007 -74.1652
5.981445e+007 -64.015
5.987549e+007 -64.1133
5.993652e+007 -66.0485
5.999756e+007 -68.6345
6.005859e+007 -77.6403
6.011963e+007 -67.9665
6.018066e+007 -59.9604
6.02417e+007 -57.7034
6.030273e+007 -57.8409
6.036377e+007 -58.3837
6.04248e+007 -61.0311
6.048584e+007 -72.0065
6.054687e+007 -61.7237
6.060791e+007 -60.368
6.066895e+007 -69.3418
6.072998e+007 -72.9667
6.079102e+007 -69.8576
6.085205e+007 -71.1445
6.091309e+007 -64.0175
6.097412e+007 -70.0049
6.103516e+007 -67.635
6.109619e+007 -64.408
6.115723e+007 -50.4119
6.121826e+007 -40.22
6.12793e+007 -41.0231
6.134033e+007 -51.3427
6.140137e+007 -65.076
6.14624e+007 -64.7739
6.152344e+007 -74.5336
6.158447e+007 -63.5263
6.164551e+007 -64.381
6.170654e+007 -69.4597
6.176758e+007 -82.8345
6.182861e+007 -65.7857
6.188965e+007 -66.9719
6.195068e+007 -72.5369
6.201172e+007 -65.1447
6.207275e+007 -82.6208
6.213379e+007 -60.4982
6.219482e+007 -58.3984
6.225586e+007 -60.12
6.231689e+007 -62.2247
6.237793e+007 -65.1693
6.243896e+007 -72.2889
6.25e+007 -94.937
6.256104e+007 -69.9534
6.262207e+007 -66.8196
6.268311e+007 -61.2522
6.274414e+007 -59.4864
6.280518e+007 -58.1823
6.286621e+007 -60.2231
6.292725e+007 -67.0235
6.298828e+007 -67.5687
6.304932e+007 -70.56
6.311035e+007 -75.2679
6.317139e+007 -75.8819
6.323242e+007 -67.915
6.329346e+007 -65.8397
6.335449e+007 -64.6241
6.341553e+007 -64.3343
6.347656e+007 -61.6328
6.35376e+007 -66.3727
6.359863e+007 -74.5188
6.365967e+007 -72.2938
6.37207e+007 -67.7357
6.378174e+007 -66.94
6.384277e+007 -64.8181
6.390381e+007 -74.1062
6.396484e+007 -84.8483
6.402588e+007 -77.2719
6.408691e+007 -76.4074
6.414795e+007 -68.691
6.420898e+007 -66.299
6.427002e+007 -68.5952
6.433105e+007 -75.9604
6.439209e+007 -65.5966
6.445312e+007 -55.498
6.451416e+007 -54.7293
6.45752e+007 -59.732
6.463623e+007 -68.1925
6.469727e+007 -85.17
6.47583e+007 -66.1025
6.481934e+007 -63.3077
6.488037e+007 -73.7207
6.494141e+007 -79.9463
6.500244e+007 -65.0269
6.506348e+007 -56.7923
6.512451e+007 -59.1966
6.518555e+007 -82.2156
6.524658e+007 -65.4566
6.530762e+007 -59.8106
6.536865e+007 -58.6882
6.542969e+007 -63.654
6.549072e+007 -67.5932
6.555176e+007 -66.4439
6.561279e+007 -60.5449
6.567383e+007 -65.3952
6.573486e+007 -79.8383
6.57959e+007 -73.6593
6.585693e+007 -65.879
6.591797e+007 -66.3751
6.5979e+007 -66.2843
6.604004e+007 -63.8505
6.610107e+007 -60.1372
6.616211e+007 -76.206
6.622314e+007 -59.3857
6.628418e+007 -56.6621
6.634521e+007 -59.7909
6.640625e+007 -69.9607
6.646729e+007 -64.936
6.652832e+007 -64.548
6.658936e+007 -67.6645
6.665039e+007 -62.485
6.671143e+007 -63.0425
6.677246e+007 -72.5026
6.68335e+007 -67.9813
6.689453e+007 -68.1851
6.695557e+007 -73.7919
6.70166e+007 -75.0886
6.707764e+007 -66.7533
6.713867e+007 -64.5922
6.719971e+007 -59.5699
6.726074e+007 -59.0664
6.732178e+007 -62.9909
6.738281e+007 -49.0292
6.744385e+007 -35.4777
6.750488e+007 -32.538
6.756592e+007 -39.2327
6.762695e+007 -62.0921
6.768799e+007 -64.3859
6.774902e+007 -66.0018
6.781006e+007 -74.1554
6.787109e+007 -65.5745
6.793213e+007 -61.7679
6.799316e+007 -61.7777
6.80542e+007 -66.1836
6.811523e+007 -82.7338
6.817627e+007 -72.9594
6.82373e+007 -64.5308
6.829834e+007 -65.216
6.835937e+007 -74.956
6.842041e+007 -75.3268
6.848145e+007 -84.6494
6.854248e+007 -72.2103
6.860352e+007 -59.199
6.866455e+007 -56.527
6.872559e+007 -65.3191
6.878662e+007 -60.7978
6.884766e+007 -60.9918
6.890869e+007 -58.5065
6.896973e+007 -55.0019
6.903076e+007 -55.0486
6.90918e+007 -58.3861
6.915283e+007 -63.0057
6.921387e+007 -66.0804
6.92749e+007 -69.973
6.933594e+007 -68.1409
6.939697e+007 -65.717
6.945801e+007 -65.0661
6.951904e+007 -78.9075
6.958008e+007 -82.8885
6.964111e+007 -72.7678
6.970215e+007 -63.9291
6.976318e+007 -58.6317
6.982422e+007 -63.8579
6.988525e+007 -73.8214
6.994629e+007 -67.1512
7.000732e+007 -67.9223
7.006836e+007 -61.036
7.012939e+007 -60.5228
7.019043e+007 -65.5229
7.025146e+007 -82.1001
7.03125e+007 -68.1016
7.037354e+007 -72.8243
7.043457e+007 -67.8781
7.049561e+007 -61.5321
7.055664e+007 -58.8601
7.061768e+007 -58.9731
7.067871e+007 -76.9133
7.073975e+007 -58.4795
7.080078e+007 -60.9771
7.086182e+007 -64.1624
7.092285e+007 -60.034
7.098389e+007 -66.4832
7.104492e+007 -64.2361
7.110596e+007 -58.617
7.116699e+007 -58.4304
7.122803e+007 -56.7063
7.128906e+007 -55.498
7.13501e+007 -56.193
7.141113e+007 -59.6607
7.147217e+007 -66.6649
7.15332e+007 -68.8187
7.159424e+007 -62.7331
7.165527e+007 -63.0621
7.171631e+007 -69.4155
7.177734e+007 -86.2801
7.183838e+007 -74.4722
7.189941e+007 -73.5267
7.196045e+007 -66.9424
7.202148e+007 -67.355
7.208252e+007 -71.422
7.214355e+007 -75.8303
7.220459e+007 -71.8739
7.226562e+007 -75.7984
7.232666e+007 -64.3048
7.23877e+007 -61.5591
7.244873e+007 -63.5067
7.250977e+007 -64.0543
7.25708e+007 -64.4939
7.263184e+007 -58.6637
7.269287e+007 -60.3337
7.275391e+007 -62.9394
7.281494e+007 -71.5399
7.287598e+007 -71.4121
7.293701e+007 -67.0161
7.299805e+007 -69.1503
7.305908e+007 -71.3311
7.312012e+007 -72.7408
7.318115e+007 -68.9882
7.324219e+007 -69.72
7.330322e+007 -71.81
7.336426e+007 -73.8508
7.342529e+007 -73.3572
7.348633e+007 -72.5664
7.354736e+007 -67.3452
7.36084e+007 -36.5411
7.366943e+007 -15.6047
7.373047e+007 -8.25913
7.37915e+007 -10.2926
7.385254e+007 -22.5769
7.391357e+007 -56.7972
7.397461e+007 -61.5444
7.403564e+007 -60.5031
7.409668e+007 -66.6256
7.415771e+007 -75.1254
7.421875e+007 -69.5702
7.427979e+007 -68.3349
7.434082e+007 -64.9802
7.440186e+007 -60.6505
7.446289e+007 -59.4053
7.452393e+007 -61.5886
7.458496e+007 -68.0206
7.4646e+007 -62.3671
7.470703e+007 -62.3917
7.476807e+007 -67.7406
7.48291e+007 -63.6909
7.489014e+007 -61.6795
7.495117e+007 -59.3955
7.501221e+007 -63.0179
7.507324e+007 -64.3687
7.513428e+007 -66.4513
7.519531e+007 -60.7315
7.525635e+007 -56.1955
7.531738e+007 -57.8901
7.537842e+007 -58.4254
7.543945e+007 -57.3375
7.550049e+007 -60.454
7.556152e+007 -67.1757
7.562256e+007 -65.1226
7.568359e+007 -70.754
7.574463e+007 -71.9009
7.580566e+007 -63.3937
7.58667e+007 -60.6505
7.592773e+007 -61.1171
7.598877e+007 -63.3053
7.60498e+007 -68.5952
7.611084e+007 -61.4069
7.617187e+007 -59.2015
7.623291e+007 -61.7998
7.629395e+007 -67.6473
7.635498e+007 -85.0816
7.641602e+007 -66.2572
7.647705e+007 -68.082
7.653809e+007 -72.6843
7.659912e+007 -75.6952
7.666016e+007 -68.9243
7.672119e+007 -65.1079
7.678223e+007 -61.7237
7.684326e+007 -58.4868
7.69043e+007 -61.7384
7.696533e+007 -66.6993
7.702637e+007 -69.4253
7.70874e+007 -73.1681
7.714844e+007 -64.2066
7.720947e+007 -74.6564
7.727051e+007 -72.898
7.733154e+007 -65.5107
7.739258e+007 -66.2867
7.745361e+007 -63.9635
7.751465e+007 -62.0601
7.757568e+007 -64.8795
7.763672e+007 -66.5741
7.769775e+007 -61.2964
7.775879e+007 -60.1765
7.781982e+007 -60.0267
7.788086e+007 -60.1814
7.794189e+007 -67.3526
7.800293e+007 -70.9971
7.806396e+007 -68.2072
7.8125e+007 -64.5553
7.818604e+007 -68.7033
7.824707e+007 -71.2918
7.830811e+007 -66.105
7.836914e+007 -72.3429
7.843018e+007 -64.0052
7.849121e+007 -61.6156
7.855225e+007 -60.007
7.861328e+007 -63.9536
7.867432e+007 -68.1532
7.873535e+007 -79.4355
7.879639e+007 -71.0167
7.885742e+007 -66.4292
7.891846e+007 -67.3329
7.897949e+007 -70.6091
7.904053e+007 -77.2694
7.910156e+007 -72.5541
7.91626e+007 -65.6236
7.922363e+007 -66.5348
7.928467e+007 -68.47
7.93457e+007 -64.5185
7.940674e+007 -72.2177
7.946777e+007 -87.7069
7.952881e+007 -64.6536
7.958984e+007 -61.7728
7.965088e+007 -62.8927
7.971191e+007 -64.1501
7.977295e+007 -56.2544
7.983398e+007 -47.6171
7.989502e+007 -17.1445
7.995605e+007 -4.8651
8.001709e+007 -2.81199
8.007812e+007 -10.1403
8.013916e+007 -30.7403
8.02002e+007 -62.8632
8.026123e+007 -61.5641
8.032227e+007 -61.9717
8.03833e+007 -68.5117
8.044434e+007 -71.3581
8.050537e+007 -61.9521
8.056641e+007 -67.0775
8.062744e+007 -71.3286
8.068848e+007 -70.4052
8.074951e+007 -65.1521
8.081055e+007 -69.6955
8.087158e+007 -72.2643
8.093262e+007 -67.7946
8.099365e+007 -75.0198
8.105469e+007 -70.9701
8.111572e+007 -71.3655
8.117676e+007 -69.0471
8.123779e+007 -66.5716
8.129883e+007 -62.8534
8.135986e+007 -58.703
8.14209e+007 -58.5507
8.148193e+007 -56.3846
8.154297e+007 -55.8369
8.1604e+007 -60.9894
8.166504e+007 -67.5417
8.172607e+007 -66.6256
8.178711e+007 -62.6446
8.184814e+007 -61.2964
8.190918e+007 -59.7934
8.197021e+007 -62.0135
8.203125e+007 -65.879
8.209229e+007 -71.7314
8.215332e+007 -65.0269
8.221436e+007 -59.6411
8.227539e+007 -68.8261
8.233643e+007 -71.2525
8.239746e+007 -67.5761
8.24585e+007 -63.0523
8.251953e+007 -60.9575
8.258057e+007 -58.4795
8.26416e+007 -59.6657
8.270264e+007 -68.3423
8.276367e+007 -64.9556
8.282471e+007 -61.1662
8.288574e+007 -59.2432
8.294678e+007 -57.7574
8.300781e+007 -63.2807
8.306885e+007 -74.3739
8.312988e+007 -69.5236
8.319092e+007 -67.2814
8.325195e+007 -66.7975
8.331299e+007 -64.2336
8.337402e+007 -66.0559
8.343506e+007 -73.5537
8.349609e+007 -73.0085
8.355713e+007 -71.9549
8.361816e+007 -74.3813
8.36792e+007 -64.2189
8.374023e+007 -59.2948
8.380127e+007 -63.6786
8.38623e+007 -65.1767
8.392334e+007 -65.8275
8.398437e+007 -64.0887
8.404541e+007 -64.7346
8.410645e+007 -69.5064
8.416748e+007 -60.0512
8.422852e+007 -59.1917
8.428955e+007 -62.6004
8.435059e+007 -69.8281
8.441162e+007 -64.2876
8.447266e+007 -68.0009
8.453369e+007 -74.5581
8.459473e+007 -72.3184
8.465576e+007 -69.386
8.47168e+007 -67.2691
8.477783e+007 -60.0954
8.483887e+007 -64.0617
8.48999e+007 -64.8893
8.496094e+007 -59.899
8.502197e+007 -57.3866
8.508301e+007 -59.0664
8.514404e+007 -61.876
8.520508e+007 -61.6058
8.526611e+007 -65.1104
8.532715e+007 -68.7303
8.538818e+007 -70.5084
8.544922e+007 -74.7792
8.551025e+007 -62.8166
8.557129e+007 -59.759
8.563232e+007 -62.2443
8.569336e+007 -63.1186
8.575439e+007 -74.1971
8.581543e+007 -63.8775
8.587646e+007 -60.9304
8.59375e+007 -62.7846
8.599854e+007 -66.5618
8.605957e+007 -71.7093
8.612061e+007 -33.1004
8.618164e+007 -14.5462
8.624268e+007 -8.27387
8.630371e+007 -11.2578
8.636475e+007 -24.77
8.642578e+007 -59.4716
8.648682e+007 -65.6678
8.654785e+007 -77.5371
8.660889e+007 -61.0483
8.666992e+007 -62.3843
8.673096e+007 -68.9661
8.679199e+007 -57.9686
8.685303e+007 -56.2986
8.691406e+007 -61.6034
8.69751e+007 -59.2973
8.703613e+007 -65.8275
8.709717e+007 -71.2451
8.71582e+007 -64.0003
8.721924e+007 -64.1182
8.728027e+007 -63.1997
8.734131e+007 -59.7148
8.740234e+007 -59.9432
8.746338e+007 -71.1445
8.752441e+007 -78.4139
8.758545e+007 -68.4061
8.764648e+007 -60.7315
8.770752e+007 -57.028
8.776855e+007 -57.1287
8.782959e+007 -65.3658
8.789062e+007 -72.7653
8.795166e+007 -72.8881
8.80127e+007 -69.2117
8.807373e+007 -63.2586
8.813477e+007 -60.287
8.81958e+007 -60.2993
8.825684e+007 -62.3303
8.831787e+007 -69.3762
8.837891e+007 -66.9965
8.843994e+007 -66.4218
8.850098e+007 -63.7915
8.856201e+007 -63.6933
8.862305e+007 -63.072
8.868408e+007 -67.4606
8.874512e+007 -76.6112
8.880615e+007 -66.412
8.886719e+007 -59.5846
8.892822e+007 -55.9499
8.898926e+007 -56.2569
8.905029e+007 -59.2408
8.911133e+007 -60.7438
8.917236e+007 -67.8609
8.92334e+007 -68.7573
8.929443e+007 -69.7446
8.935547e+007 -68.9833
8.94165e+007 -70.3119
8.947754e+007 -61.7261
8.953857e+007 -64.9581
8.959961e+007 -70.6606
8.966064e+007 -62.8976
8.972168e+007 -64.3097
8.978271e+007 -62.4506
8.984375e+007 -63.6933
8.990479e+007 -62.1682
8.996582e+007 -60.1421
9.002686e+007 -62.1044
9.008789e+007 -61.9595
9.014893e+007 -70.4175
9.020996e+007 -61.8539
9.0271e+007 -59.1524
9.033203e+007 -62.738
9.039307e+007 -63.0523
9.04541e+007 -66.8909
9.051514e+007 -63.5312
9.057617e+007 -67.9813
9.063721e+007 -72.7874
9.069824e+007 -78.5931
9.075928e+007 -66.3309
9.082031e+007 -71.363
9.088135e+007 -62.4776
9.094238e+007 -60.206
9.100342e+007 -61.4634
9.106445e+007 -58.9436
9.112549e+007 -56.8758
9.118652e+007 -57.0256
9.124756e+007 -59.5134
9.130859e+007 -64.1722
9.136963e+007 -67.3452
9.143066e+007 -60.594
9.14917e+007 -60.4761
9.155273e+007 -69.1748
9.161377e+007 -66.046
9.16748e+007 -63.8677
9.173584e+007 -61.1662
9.179687e+007 -60.481
9.185791e+007 -59.9997
9.191895e+007 -63.1751
9.197998e+007 -69.2411
9.204102e+007 -67.1365
9.210205e+007 -65.9896
9.216309e+007 -74.5581
9.222412e+007 -76.2871
9.228516e+007 -70.5649
9.234619e+007 -62.3008
9.240723e+007 -41.4921
9.246826e+007 -30.4701
9.25293e+007 -29.3134
9.259033e+007 -37.3564
9.265137e+007 -54.4322
9.27124e+007 -60.5203
9.277344e+007 -70.5133
9.283447e+007 -69.6979
9.289551e+007 -69.8846
9.295654e+007 -72.6303
9.301758e+007 -67.635
9.307861e+007 -61.2644
9.313965e+007 -58.3493
9.320068e+007 -66.0436
9.326172e+007 -68.4356
9.332275e+007 -65.1939
9.338379e+007 -64.1919
9.344482e+007 -62.9344
9.350586e+007 -62.4506
9.356689e+007 -76.292
9.362793e+007 -66.7582
9.368896e+007 -65.1644
9.375e+007 -68.7721
9.381104e+007 -73.2541
9.387207e+007 -103.547
9.393311e+007 -68.5903
9.399414e+007 -64.8132
9.405518e+007 -61.4904
9.411621e+007 -63.4821
9.417725e+007 -70.1621
9.423828e+007 -70.3316
9.429932e+007 -70.5157
9.436035e+007 -71.896
9.442139e+007 -63.6565
9.448242e+007 -62.8288
9.454346e+007 -60.4589
9.460449e+007 -64.9434
9.466553e+007 -67.048
9.472656e+007 -61.596
9.47876e+007 -66.8639
9.484863e+007 -66.272
9.490967e+007 -63.8161
9.49707e+007 -59.6804
9.503174e+007 -60.3091
9.509277e+007 -61.122
9.515381e+007 -63.6516
9.521484e+007 -69.5604
9.527588e+007 -72.1661
9.533691e+007 -64.4055
9.539795e+007 -62.458
9.545898e+007 -63.6589
9.552002e+007 -53.1085
9.558105e+007 -55.1296
9.564209e+007 -67.2715
9.570312e+007 -75.1377
9.576416e+007 -68.4626
9.58252e+007 -64.4301
9.588623e+007 -63.6859
9.594727e+007 -60.9206
9.60083e+007 -60.0463
9.606934e+007 -61.9816
9.613037e+007 -60.1225
9.619141e+007 -60.4196
9.625244e+007 -67.5613
9.631348e+007 -73.7305
9.637451e+007 -71.3385
9.643555e+007 -67.0726
9.649658e+007 -64.3589
9.655762e+007 -60.3361
9.661865e+007 -62.404
9.667969e+007 -72.5811
9.674072e+007 -70.0197
9.680176e+007 -67.6399
9.686279e+007 -69.779
9.692383e+007 -64.3711
9.698486e+007 -60.9378
9.70459e+007 -59.5453
9.710693e+007 -61.7826
9.716797e+007 -65.8103
9.7229e+007 -64.8623
9.729004e+007 -63.3912
9.735107e+007 -70.4863
9.741211e+007 -76.7881
9.747314e+007 -80.4351
9.753418e+007 -73.647
9.759521e+007 -72.7334
9.765625e+007 -65.9527
9.771729e+007 -60.2698
9.777832e+007 -61.0557
9.783936e+007 -70.1621
9.790039e+007 -69.3345
9.796143e+007 -61.9374
9.802246e+007 -62.0749
9.80835e+007 -64.9532
9.814453e+007 -61.7261
9.820557e+007 -64.8058
9.82666e+007 -67.7701
9.832764e+007 -67.0751
9.838867e+007 -63.5852
9.844971e+007 -60.6063
9.851074e+007 -60.7782
9.857178e+007 -62.8976
9.863281e+007 -61.1785
9.869385e+007 -42.9165
9.875488e+007 -37.6118
9.881592e+007 -41.6567
9.887695e+007 -57.6346
9.893799e+007 -67.2568
9.899902e+007 -65.0833
9.906006e+007 -62.1265
9.912109e+007 -62.1928
9.918213e+007 -62.7699
9.924316e+007 -63.8235
9.93042e+007 -69.7004
9.936523e+007 -66.213
9.942627e+007 -61.2694
9.94873e+007 -61.4658
9.954834e+007 -63.2832
9.960937e+007 -86.8547
9.967041e+007 -62.0675
9.973145e+007 -60.8076
9.979248e+007 -65.3879
9.985352e+007 -66.218
9.991455e+007 -59.2506
9.997559e+007 -58.3861
1.000366e+008 -69.6243
1.000977e+008 -68.9194
1.001587e+008 -65.6457
1.002197e+008 -61.65
1.002808e+008 -58.3911
1.003418e+008 -56.8217
1.004028e+008 -58.423
1.004639e+008 -65.243
1.005249e+008 -68.5117
1.005859e+008 -62.932
1.00647e+008 -66.0436
1.00708e+008 -86.0099
1.00769e+008 -73.5512
1.008301e+008 -66.3334
1.008911e+008 -65.3068
1.009521e+008 -63.8259
1.010132e+008 -71.6921
1.010742e+008 -69.3394
1.011353e+008 -70.4126
1.011963e+008 -62.4973
1.012573e+008 -58.6759
1.013184e+008 -61.2767
1.013794e+008 -65.6138
1.014404e+008 -61.2374
1.015015e+008 -60.5007
1.015625e+008 -67.0431
1.016235e+008 -62.6103
1.016846e+008 -67.8388
1.017456e+008 -57.1287
1.018066e+008 -55.4808
1.018677e+008 -62.7576
1.019287e+008 -69.2854
1.019897e+008 -59.759
1.020508e+008 -56.306
1.021118e+008 -55.6822
1.021729e+008 -58.7324
1.022339e+008 -77.0263
1.022949e+008 -64.4473
1.02356e+008 -76.4467
1.02417e+008 -66.8368
1.02478e+008 -64.209
1.025391e+008 -61.1637
1.026001e+008 -65.1521
1.026611e+008 -70.2824
1.027222e+008 -70.9013
1.027832e+008 -68.2981
1.028442e+008 -71.4686
1.029053e+008 -69.5555
1.029663e+008 -64.9237
1.030273e+008 -66.9989
1.030884e+008 -72.9544
1.031494e+008 -62.8878
1.032104e+008 -59.9162
1.032715e+008 -60.6431
1.033325e+008 -61.5395
1.033936e+008 -67.4901
1.034546e+008 -63.3298
1.035156e+008 -60.4466
1.035767e+008 -62.7576
1.036377e+008 -61.8956
1.036987e+008 -68.6051
1.037598e+008 -63.1972
1.038208e+008 -60.3803
1.038818e+008 -56.3871
1.039429e+008 -54.9651
1.040039e+008 -58.6661
1.040649e+008 -70.8743
1.04126e+008 -71.6823
1.04187e+008 -73.2123
1.04248e+008 -85.0816
1.043091e+008 -82.2107
1.043701e+008 -68.4454
1.044312e+008 -67.4606
1.044922e+008 -70.3954
1.045532e+008 -62.5317
1.046143e+008 -62.4629
1.046753e+008 -63.3298
1.047363e+008 -65.4222
1.047974e+008 -74.5434
1.048584e+008 -68.6542
1.049194e+008 -58.671
1.049805e+008 -51.0308
1.050415e+008 -52.2464
1.051025e+008 -65.0907
1.051636e+008 -57.9244
1.052246e+008 -59.1106
1.052856e+008 -66.8565
1.053467e+008 -74.3739
1.054077e+008 -70.8596
1.054687e+008 -68.276
1.055298e+008 -68.2195
1.055908e+008 -70.2775
1.056519e+008 -66.4832
1.057129e+008 -61.1834
1.057739e+008 -60.1839
1.05835e+008 -65.3461
1.05896e+008 -67.3035
1.05957e+008 -64.6462
1.060181e+008 -67.7431
1.060791e+008 -72.0531
1.061401e+008 -68.0795
1.062012e+008 -67.522
1.062622e+008 -59.2285
1.063232e+008 -55.5275
1.063843e+008 -59.0984
1.064453e+008 -74.4648
1.065063e+008 -69.8306
1.065674e+008 -61.1809
1.066284e+008 -64.3515
1.066895e+008 -71.6921
1.067505e+008 -64.3146
1.068115e+008 -63.9291
1.068726e+008 -61.4904
1.069336e+008 -60.454
1.069946e+008 -62.9222
1.070557e+008 -67.7897
1.071167e+008 -74.175
1.071777e+008 -89.259
1.072388e+008 -71.363
1.072998e+008 -65.0293
1.073608e+008 -64.9016
1.074219e+008 -65.3952
1.074829e+008 -60.6456
1.075439e+008 -78.8952
1.07605e+008 -60.7217
1.07666e+008 -62.3598
1.077271e+008 -69.8502
1.077881e+008 -68.1237
1.078491e+008 -59.8351
1.079102e+008 -65.0146
1.079712e+008 -66.3899
1.080322e+008 -61.0164
1.080933e+008 -67.4091
1.081543e+008 -66.9326
1.082153e+008 -63.6024
1.082764e+008 -65.9306
1.083374e+008 -67.6301
1.083984e+008 -62.6618
1.084595e+008 -64.349
1.085205e+008 -67.0554
1.085815e+008 -63.4723
1.086426e+008 -65.0981
1.087036e+008 -59.1205
1.087646e+008 -57.0109
1.088257e+008 -59.9997
1.088867e+008 -75.9236
1.089478e+008 -63.9585
1.090088e+008 -62.5022
1.090698e+008 -67.1094
1.091309e+008 -75.7787
1.091919e+008 -65.6114
1.092529e+008 -63.9266
1.09314e+008 -69.779
1.09375e+008 -63.6344
1.09436e+008 -68.2342
1.094971e+008 -76.9231
1.095581e+008 -63.7424
1.096191e+008 -62.8706
1.096802e+008 -78.8584
1.097412e+008 -77.5936
1.098022e+008 -65.378
1.098633e+008 -62.3745
1.099243e+008 -64.5971
1.099854e+008 -63.6982
1.100464e+008 -63.8701
1.101074e+008 -64.7346
1.101685e+008 -59.9997
1.102295e+008 -62.765
1.102905e+008 -72.4068
1.103516e+008 -67.5957
1.104126e+008 -71.6651
1.104736e+008 -64.8967
1.105347e+008 -58.4746
1.105957e+008 -56.6965
1.106567e+008 -62.3352
1.107178e+008 -73.1902
1.107788e+008 -68.9366
1.108398e+008 -64.2041
1.109009e+008 -66.1713
1.109619e+008 -80.8845
1.110229e+008 -68.4405
1.11084e+008 -66.2008
1.11145e+008 -67.2912
1.112061e+008 -64.8402
1.112671e+008 -67.9248
1.113281e+008 -62.0307
1.113892e+008 -63.0941
1.114502e+008 -64.074
1.115112e+008 -62.318
1.115723e+008 -64.5971
1.116333e+008 -63.3323
1.116943e+008 -66.493
1.117554e+008 -68.6223
1.118164e+008 -66.0706
1.118774e+008 -65.911
1.119385e+008 -64.7174
1.119995e+008 -63.9782
1.120605e+008 -68.5584
1.121216e+008 -83.2544
1.121826e+008 -66.714
1.122437e+008 -68.9268
1.123047e+008 -68.2269
1.123657e+008 -64.3343
1.124268e+008 -66.493
1.124878e+008 -67.3649
1.125488e+008 -64.6757
1.126099e+008 -72.9864
1.126709e+008 -61.5591
1.127319e+008 -65.3977
1.12793e+008 -71.0045
1.12854e+008 -67.6694
1.12915e+008 -63.9806
1.129761e+008 -69.8232
1.130371e+008 -70.0663
1.130981e+008 -62.3696
1.131592e+008 -63.4895
1.132202e+008 -68.2539
1.132812e+008 -73.6274
1.133423e+008 -65.0293
1.134033e+008 -64.9826
1.134644e+008 -62.9615
1.135254e+008 -63.541
1.135864e+008 -73.9785
1.136475e+008 -55.557
1.137085e+008 -43.7344
1.137695e+008 -42.2412
1.138306e+008 -50.1344
1.138916e+008 -61.7875
1.139526e+008 -65.3977
1.140137e+008 -72.6597
1.140747e+008 -65.6703
1.141357e+008 -61.1588
1.141968e+008 -73.1656
1.142578e+008 -60.7659
1.143188e+008 -65.4394
1.143799e+008 -70.1891
1.144409e+008 -71.8002
1.14502e+008 -71.8788
1.14563e+008 -70.1646
1.14624e+008 -67.5982
1.146851e+008 -64.7567
1.147461e+008 -61.7507
1.148071e+008 -70.5894
1.148682e+008 -70.9652
1.149292e+008 -66.38
1.149902e+008 -57.7943
1.150513e+008 -56.5
1.151123e+008 -59.8277
1.151733e+008 -60.4982
1.152344e+008 -59.5429
1.152954e+008 -59.8376
1.153564e+008 -62.9295
1.154175e+008 -68.664
1.154785e+008 -73.5881
1.155396e+008 -75.737
1.156006e+008 -67.6497
1.156616e+008 -67.2101
1.157227e+008 -65.8226
1.157837e+008 -66.046
1.158447e+008 -66.4242
1.159058e+008 -61.5542
1.159668e+008 -63.4011
1.160278e+008 -71.0855
1.160889e+008 -70.4126
1.161499e+008 -62.7527
1.162109e+008 -63.961
1.16272e+008 -67.0431
1.16333e+008 -67.0014
1.16394e+008 -67.4655
1.164551e+008 -70.8105
1.165161e+008 -81.8963
1.165771e+008 -68.3202
1.166382e+008 -68.1974
1.166992e+008 -69.6734
1.167603e+008 -68.6124
1.168213e+008 -67.5589
1.168823e+008 -64.3392
1.169434e+008 -66.0239
1.170044e+008 -66.4562
1.170654e+008 -67.3354
1.171265e+008 -65.9552
1.171875e+008 -66.0878
1.172485e+008 -69.3296
1.173096e+008 -70.3856
1.173706e+008 -64.3638
1.174316e+008 -60.4835
1.174927e+008 -58.2241
1.175537e+008 -56.1808
1.176147e+008 -55.3286
1.176758e+008 -57.1705
1.177368e+008 -60.9354
1.177979e+008 -60.0439
1.178589e+008 -62.7969
1.179199e+008 -68.9808
1.17981e+008 -74.5066
1.18042e+008 -68.6738
1.18103e+008 -71.0536
1.181641e+008 -86.2481
1.182251e+008 -66.8221
1.182861e+008 -62.7527
1.183472e+008 -65.7317
1.184082e+008 -72.4854
1.184692e+008 -94.2273
1.185303e+008 -72.4387
1.185913e+008 -63.8898
1.186523e+008 -61.068
1.187134e+008 -63.7424
1.187744e+008 -60.368
1.188354e+008 -58.5703
1.188965e+008 -61.3921
1.189575e+008 -62.1387
1.190186e+008 -66.8368
1.190796e+008 -74.87
1.191406e+008 -71.9451
1.192017e+008 -71.8714
1.192627e+008 -65.7145
1.193237e+008 -68.4258
1.193848e+008 -76.2429
1.194458e+008 -60.9157
1.195068e+008 -58.0546
1.195679e+008 -60.4884
1.196289e+008 -70.4347
1.196899e+008 -66.9989
1.19751e+008 -62.291
1.19812e+008 -64.4399
1.19873e+008 -67.1831
1.199341e+008 -55.1788
1.199951e+008 -49.7856
1.200562e+008 -54.7318
1.201172e+008 -71.2451
1.201782e+008 -85.0177
1.202393e+008 -66.6625
1.203003e+008 -60.3656
1.203613e+008 -61.5027
1.204224e+008 -66.4046
1.204834e+008 -67.6841
1.205444e+008 -62.6471
1.206055e+008 -58.0595
1.206665e+008 -57.6248
1.207275e+008 -61.677
1.207886e+008 -70.7564
1.208496e+008 -74.9928
1.209106e+008 -65.1226
1.209717e+008 -64.9556
1.210327e+008 -61.6451
1.210937e+008 -60.6284
1.211548e+008 -75.7762
1.212158e+008 -66.0927
1.212769e+008 -68.9514
1.213379e+008 -69.6807
1.213989e+008 -60.5842
1.2146e+008 -58.0914
1.21521e+008 -58.4868
1.21582e+008 -64.4252
1.216431e+008 -70.2481
1.217041e+008 -62.2714
1.217651e+008 -68.2465
1.218262e+008 -59.4864
1.218872e+008 -53.7814
1.219482e+008 -56.7579
1.220093e+008 -65.1079
1.220703e+008 -62.7036
1.221313e+008 -61.3578
1.221924e+008 -64.5823
1.222534e+008 -66.7263
1.223145e+008 -65.3854
1.223755e+008 -65.0539
1.224365e+008 -61.1269
1.224976e+008 -62.1903
1.225586e+008 -68.917
1.226196e+008 -81.3094
1.226807e+008 -66.9277
1.227417e+008 -65.0342
1.228027e+008 -74.0645
1.228638e+008 -66.0362
1.229248e+008 -63.9217
1.229858e+008 -64.4841
1.230469e+008 -65.0293
1.231079e+008 -73.2688
1.231689e+008 -72.0826
1.2323e+008 -67.021
1.23291e+008 -66.5372
1.233521e+008 -65.0367
1.234131e+008 -70.0393
1.234741e+008 -61.7286
1.235352e+008 -59.5306
1.235962e+008 -63.6687
1.236572e+008 -65.4836
1.237183e+008 -66.3874
1.237793e+008 -66.2081
1.238403e+008 -64.6094
1.239014e+008 -64.9065
1.239624e+008 -68.4528
1.240234e+008 -74.9634
1.240845e+008 -65.2184
1.241455e+008 -62.0626
1.242065e+008 -66.0264
1.242676e+008 -67.0652
1.243286e+008 -70.5968
1.243896e+008 -66.4685
1.244507e+008 -65.4419
1.245117e+008 -69.9067
1.245728e+008 -69.3983
1.246338e+008 -69.0447
1.246948e+008 -68.0451
1.247559e+008 -67.0309
1.248169e+008 -61.343
1.248779e+008 -60.6161
1.24939e+008 -60.7364
1.25e+008 -62.2935
1.25061e+008 -82.2622
1.251221e+008 -68.5584
1.251831e+008 -67.8487
1.252441e+008 -67.2814
1.253052e+008 -69.0005
1.253662e+008 -66.8295
1.254272e+008 -68.6223
1.254883e+008 -71.1224
1.255493e+008 -75.597
1.256104e+008 -75.0493
1.256714e+008 -69.2657
1.257324e+008 -59.6632
1.257935e+008 -57.6396
1.258545e+008 -61.6083
1.259155e+008 -67.883
1.259766e+008 -59.8572
1.260376e+008 -59.533
1.260986e+008 -62.1805
1.261597e+008 -73.2369
1.262207e+008 -58.4156
1.262817e+008 -56.6253
1.263428e+008 -63.2046
1.264038e+008 -70.9185
1.264648e+008 -66.5323
1.265259e+008 -61.0483
1.265869e+008 -66.3137
1.266479e+008 -69.9705
1.26709e+008 -63.18
1.2677e+008 -62.8362
1.268311e+008 -68.551
1.268921e+008 -71.6012
1.269531e+008 -63.7891
1.270142e+008 -59.7565
1.270752e+008 -60.1077
1.271362e+008 -62.4555
1.271973e+008 -66.1467
1.272583e+008 -82.331
1.273193e+008 -72.6622
1.273804e+008 -72.5541
1.274414e+008 -65.5917
1.275024e+008 -65.5819
1.275635e+008 -73.2811
1.276245e+008 -65.9208
1.276855e+008 -61.3258
1.277466e+008 -62.1707
1.278076e+008 -67.3059
1.278687e+008 -69.6685
1.279297e+008 -77.628
1.279907e+008 -67.5048
1.280518e+008 -62.932
1.281128e+008 -59.2383
1.281738e+008 -58.45
1.282349e+008 -59.0247
1.282959e+008 -59.6583
1.283569e+008 -65.7096
1.28418e+008 -74.1922
1.28479e+008 -66.0338
1.2854e+008 -62.097
1.286011e+008 -64.1599
1.286621e+008 -61.4093
1.287231e+008 -54.862
1.287842e+008 -57.868
1.288452e+008 -69.585
1.289062e+008 -66.2106
1.289673e+008 -63.9021
1.290283e+008 -67.1929
1.290894e+008 -66.8933
1.291504e+008 -62.7257
1.292114e+008 -66.886
1.292725e+008 -70.1695
1.293335e+008 -70.6705
1.293945e+008 -79.0573
1.294556e+008 -67.4189
1.295166e+008 -62.539
1.295776e+008 -70.2579
1.296387e+008 -65.0318
1.296997e+008 -72.0359
1.297607e+008 -65.1767
1.298218e+008 -63.1727
1.298828e+008 -69.7225
1.299438e+008 -61.3676
1.300049e+008 -62.7281
1.300659e+008 -66.6747
1.30127e+008 -67.1856
1.30188e+008 -67.5761
1.30249e+008 -69.0913
1.303101e+008 -65.383
1.303711e+008 -64.3589
1.304321e+008 -64.3957
1.304932e+008 -64.8451
1.305542e+008 -69.8085
1.306152e+008 -59.312
1.306763e+008 -58.1406
1.307373e+008 -67.7038
1.307983e+008 -73.7919
1.308594e+008 -67.4312
1.309204e+008 -63.8259
1.309814e+008 -63.7768
1.310425e+008 -57.1165
1.311035e+008 -54.9553
1.311646e+008 -57.4873
1.312256e+008 -63.1899
1.312866e+008 -77.7925
1.313477e+008 -67.3501
1.314087e+008 -68.0378
1.314697e+008 -62.7478
1.315308e+008 -62.178
1.315918e+008 -74.1603
1.316528e+008 -78.1904
1.317139e+008 -75.7492
1.317749e+008 -64.1476
1.318359e+008 -60.6922
1.31897e+008 -64.6855
1.31958e+008 -67.4606
1.32019e+008 -65.5721
1.320801e+008 -64.4669
1.321411e+008 -62.3917
1.322021e+008 -66.6355
1.322632e+008 -77.3799
1.323242e+008 -69.3345
1.323853e+008 -63.1849
1.324463e+008 -51.4458
1.325073e+008 -47.8087
1.325684e+008 -53.2607
1.326294e+008 -71.7584
1.326904e+008 -66.4586
1.327515e+008 -66.1074
1.328125e+008 -67.0014
1.328735e+008 -74.4845
1.329346e+008 -86.4716
1.329956e+008 -71.6847
1.330566e+008 -65.2995
1.331177e+008 -70.0172
1.331787e+008 -66.8491
1.332397e+008 -61.8735
1.333008e+008 -62.2345
1.333618e+008 -58.4844
1.334229e+008 -57.5389
1.334839e+008 -62.5145
1.335449e+008 -65.3559
1.33606e+008 -67.1512
1.33667e+008 -72.8022
1.33728e+008 -63.4428
1.337891e+008 -62.8362
1.338501e+008 -70.641
1.339111e+008 -69.4499
1.339722e+008 -65.7341
1.340332e+008 -63.5165
1.340942e+008 -66.8565
1.341553e+008 -73.3277
1.342163e+008 -65.4026
1.342773e+008 -65.2307
1.343384e+008 -68.136
1.343994e+008 -65.0637
1.344604e+008 -65.4247
1.345215e+008 -71.002
1.345825e+008 -72.4854
1.346436e+008 -66.2008
1.347046e+008 -62.2394
1.347656e+008 -60.6627
1.348267e+008 -64.6069
1.348877e+008 -69.2387
1.349487e+008 -54.8423
1.350098e+008 -50.8736
1.350708e+008 -55.3703
1.351318e+008 -64.2189
1.351929e+008 -61.2767
1.352539e+008 -61.6034
1.353149e+008 -62.7208
1.35376e+008 -60.8985
1.35437e+008 -59.1401
1.35498e+008 -58.3198
1.355591e+008 -55.8345
1.356201e+008 -56.4362
1.356812e+008 -62.6103
1.357422e+008 -69.3369
1.358032e+008 -65.4665
1.358643e+008 -63.4354
1.359253e+008 -62.4752
1.359863e+008 -59.8032
1.360474e+008 -60.9476
1.361084e+008 -66.7042
1.361694e+008 -74.3592
1.362305e+008 -70.7589
1.362915e+008 -67.6424
1.363525e+008 -69.0864
1.364136e+008 -82.3089
1.364746e+008 -82.0363
1.365356e+008 -71.4416
1.365967e+008 -71.2697
1.366577e+008 -72.6082
1.367187e+008 -61.6156
1.367798e+008 -59.3292
1.368408e+008 -59.6215
1.369019e+008 -64.4325
1.369629e+008 -69.5702
1.370239e+008 -66.9695
1.37085e+008 -75.2826
1.37146e+008 -65.2331
1.37207e+008 -62.8976
1.372681e+008 -66.3432
1.373291e+008 -73.1632
1.373901e+008 -59.5994
1.374512e+008 -60.7831
1.375122e+008 -82.3777
1.375732e+008 -59.9112
1.376343e+008 -57.3227
1.376953e+008 -58.143
1.377563e+008 -59.953
1.378174e+008 -67.0309
1.378784e+008 -63.0793
1.379395e+008 -65.103
1.380005e+008 -63.2758
1.380615e+008 -62.3549
1.381226e+008 -72.9569
1.381836e+008 -67.996
1.382446e+008 -69.3271
1.383057e+008 -66.2695
1.383667e+008 -64.1354
1.384277e+008 -72.8218
1.384888e+008 -64.6364
1.385498e+008 -61.5076
1.386108e+008 -61.5641
1.386719e+008 -62.1829
1.387329e+008 -57.1656
1.387939e+008 -57.2392
1.38855e+008 -75.4422
1.38916e+008 -65.7194
1.389771e+008 -63.8235
1.390381e+008 -61.7335
1.390991e+008 -61.6918
1.391602e+008 -68.136
1.392212e+008 -74.6146
1.392822e+008 -65.8962
1.393433e+008 -67.6203
1.394043e+008 -71.4293
1.394653e+008 -83.613
1.395264e+008 -66.5323
1.395874e+008 -59.5502
1.396484e+008 -58.9412
1.397095e+008 -66.186
1.397705e+008 -76.0808
1.398315e+008 -74.7079
1.398926e+008 -67.9444
1.399536e+008 -59.8941
1.400146e+008 -57.5683
1.400757e+008 -62.5955
1.401367e+008 -64.6511
1.401978e+008 -63.8873
1.402588e+008 -70.42
1.403198e+008 -69.5457
1.403809e+008 -69.3025
1.404419e+008 -73.6077
1.405029e+008 -69.8772
1.40564e+008 -66.8344
1.40625e+008 -66.6011
1.40686e+008 -77.4192
1.407471e+008 -69.4524
1.408081e+008 -66.0608
1.408691e+008 -63.8726
1.409302e+008 -65.4124
1.409912e+008 -68.2367
1.410522e+008 -64.0666
1.411133e+008 -83.4951
1.411743e+008 -52.352
1.412354e+008 -47.1382
1.412964e+008 -51.0578
1.413574e+008 -67.9076
1.414185e+008 -63.2414
1.414795e+008 -58.116
1.415405e+008 -58.6587
1.416016e+008 -63.3102
1.416626e+008 -67.6006
1.417236e+008 -64.8255
1.417847e+008 -61.0901
1.418457e+008 -59.6018
1.419067e+008 -62.5489
1.419678e+008 -61.37
1.420288e+008 -58.0325
1.420898e+008 -59.5994
1.421509e+008 -68.9735
1.422119e+008 -80.8133
1.422729e+008 -74.8528
1.42334e+008 -71.3065
1.42395e+008 -65.297
1.424561e+008 -61.9447
1.425171e+008 -62.9271
1.425781e+008 -65.216
1.426392e+008 -65.879
1.427002e+008 -58.4377
1.427612e+008 -60.6677
1.428223e+008 -64.602
1.428833e+008 -61.6844
1.429443e+008 -60.1102
1.430054e+008 -56.9814
1.430664e+008 -57.2982
1.431274e+008 -62.5415
1.431885e+008 -66.719
1.432495e+008 -72.6745
1.433105e+008 -67.8757
1.433716e+008 -67.1144
1.434326e+008 -68.8359
1.434937e+008 -71.2599
1.435547e+008 -64.8181
1.436157e+008 -63.5017
1.436768e+008 -65.2921
1.437378e+008 -59.9284
1.437988e+008 -58.6096
1.438599e+008 -66.6183
1.439209e+008 -67.7578
1.439819e+008 -78.9075
1.44043e+008 -65.9625
1.44104e+008 -67.0186
1.44165e+008 -64.6118
1.442261e+008 -68.9047
1.442871e+008 -61.1416
1.443481e+008 -64.5823
1.444092e+008 -65.5524
1.444702e+008 -59.4643
1.445312e+008 -67.8904
1.445923e+008 -63.961
1.446533e+008 -61.2595
1.447144e+008 -56.9593
1.447754e+008 -58.7791
1.448364e+008 -64.0617
1.448975e+008 -71.6283
1.449585e+008 -75.6854
1.450195e+008 -69.251
1.450806e+008 -63.9708
1.451416e+008 -63.8382
1.452026e+008 -65.7882
1.452637e+008 -68.9784
1.453247e+008 -67.9665
1.453857e+008 -62.8608
1.454468e+008 -64.6315
1.455078e+008 -78.6447
1.455688e+008 -79.0941
1.456299e+008 -75.6412
1.456909e+008 -67.5834
1.45752e+008 -66.6526
1.45813e+008 -65.825
1.45874e+008 -66.6035
1.459351e+008 -69.9239
1.459961e+008 -58.6416
1.460571e+008 -56.8881
1.461182e+008 -61.8489
1.461792e+008 -65.491
1.462402e+008 -61.1883
1.463013e+008 -61.3946
1.463623e+008 -68.109
1.464233e+008 -60.8911
1.464844e+008 -57.9883
1.465454e+008 -61.7728
1.466064e+008 -63.2414
1.466675e+008 -77.3382
1.467285e+008 -62.7552
1.467896e+008 -60.0611
1.468506e+008 -66.3039
1.469116e+008 -71.6651
1.469727e+008 -66.6355
1.470337e+008 -65.7292
1.470947e+008 -70.3807
1.471558e+008 -78.5539
1.472168e+008 -70.6017
1.472778e+008 -65.5279
1.473389e+008 -71.4048
1.473999e+008 -48.85
1.474609e+008 -38.2405
1.47522e+008 -37.9016
1.47583e+008 -47.8062
1.47644e+008 -67.8855
1.477051e+008 -67.5466
1.477661e+008 -65.4321
1.478271e+008 -62.3819
1.478882e+008 -63.0941
1.479492e+008 -66.9228
1.480103e+008 -79.2955
1.480713e+008 -60.7487
1.481323e+008 -60.4442
1.481934e+008 -64.7911
1.482544e+008 -65.0686
1.483154e+008 -63.2488
1.483765e+008 -61.7384
1.484375e+008 -58.7201
1.484985e+008 -64.9237
1.485596e+008 -71.756
1.486206e+008 -67.4287
1.486816e+008 -57.4087
1.487427e+008 -58.9927
1.488037e+008 -72.1563
1.488647e+008 -71.6184
1.489258e+008 -69.9705
1.489868e+008 -76.4295
1.490479e+008 -72.0482
1.491089e+008 -64.7911
1.491699e+008 -69.1797
1.49231e+008 -76.1888
1.49292e+008 -67.7873
1.49353e+008 -63.8136
1.494141e+008 -67.1168
1.494751e+008 -81.1202
1.495361e+008 -68.9833
1.495972e+008 -67.301
1.496582e+008 -73.2835
1.497192e+008 -64.2287
1.497803e+008 -63.4011
1.498413e+008 -75.9285
1.499023e+008 -68.7622
1.499634e+008 -70.9897
1.500244e+008 -62.6618
1.500854e+008 -60.9648
1.501465e+008 -62.8141
1.502075e+008 -62.3524
1.502686e+008 -61.5346
1.503296e+008 -63.8357
1.503906e+008 -68.1335
1.504517e+008 -66.7877
1.505127e+008 -68.0255
1.505737e+008 -67.188
1.506348e+008 -64.268
1.506958e+008 -62.151
1.507568e+008 -63.1039
1.508179e+008 -73.2025
1.508789e+008 -68.831
1.509399e+008 -63.9561
1.51001e+008 -68.8875
1.51062e+008 -65.9871
1.51123e+008 -72.8194
1.511841e+008 -69.1036
1.512451e+008 -58.73
1.513062e+008 -60.4491
1.513672e+008 -71.8051
1.514282e+008 -63.46
1.514893e+008 -61.3062
1.515503e+008 -65.0956
1.516113e+008 -68.0918
1.516724e+008 -71.6479
1.517334e+008 -62.4187
1.517944e+008 -59.2408
1.518555e+008 -63.0057
1.519165e+008 -67.2371
1.519775e+008 -60.9034
1.520386e+008 -59.4864
1.520996e+008 -60.0414
1.521606e+008 -66.6846
1.522217e+008 -65.8496
1.522827e+008 -59.4667
1.523437e+008 -60.9722
1.524048e+008 -60.3116
1.524658e+008 -59.0247
1.525269e+008 -60.1347
1.525879e+008 -70.8522
1.526489e+008 -66.6183
1.5271e+008 -63.7179
1.52771e+008 -69.8035
1.52832e+008 -65.3338
1.528931e+008 -57.8925
1.529541e+008 -60.0218
1.530151e+008 -70.5182
1.530762e+008 -70.4151
1.531372e+008 -62.0282
1.531982e+008 -62.8411
1.532593e+008 -66.0902
1.533203e+008 -60.4196
1.533813e+008 -57.7673
1.534424e+008 -58.0178
1.535034e+008 -60.8666
1.535645e+008 -62.6422
1.536255e+008 -38.3265
1.536865e+008 -22.3068
1.537476e+008 -17.6971
1.538086e+008 -22.2601
1.538696e+008 -38.0883
1.539307e+008 -67.9837
1.539917e+008 -71.724
1.540527e+008 -73.3425
1.541138e+008 -73.0699
1.541748e+008 -63.2955
1.542358e+008 -60.3017
1.542969e+008 -61.2497
1.543579e+008 -63.5288
1.544189e+008 -57.6518
1.5448e+008 -54.6729
1.54541e+008 -57.9858
1.546021e+008 -69.5309
1.546631e+008 -61.3332
1.547241e+008 -60.7684
1.547852e+008 -65.8569
1.548462e+008 -86.2039
1.549072e+008 -73.48
1.549683e+008 -75.1696
1.550293e+008 -84.8581
1.550903e+008 -76.0906
1.551514e+008 -71.9279
1.552124e+008 -58.1774
1.552734e+008 -56.2274
1.553345e+008 -61.203
1.553955e+008 -74.509
1.554565e+008 -77.6403
1.555176e+008 -70.0393
1.555786e+008 -63.4502
1.556396e+008 -61.1981
1.557007e+008 -63.875
1.557617e+008 -72.839
1.558228e+008 -67.5147
1.558838e+008 -64.5455
1.559448e+008 -66.881
1.560059e+008 -68.8949
1.560669e+008 -77.4192
1.561279e+008 -73.7182
1.56189e+008 -64.683
1.5625e+008 -61.0311
1.56311e+008 -65.5254
1.563721e+008 -79.3839
1.564331e+008 -68.9636
1.564941e+008 -64.7985
1.565552e+008 -66.2867
1.566162e+008 -75.4963
1.566772e+008 -67.721
1.567383e+008 -68.7966
1.567993e+008 -71.8812
1.568604e+008 -62.2198
1.569214e+008 -62.8534
1.569824e+008 -67.7652
1.570435e+008 -66.4169
1.571045e+008 -67.0259
1.571655e+008 -67.3084
1.572266e+008 -71.0389
1.572876e+008 -59.9947
1.573486e+008 -58.2683
1.574097e+008 -62.1093
1.574707e+008 -64.5332
1.575317e+008 -68.4577
1.575928e+008 -79.4552
1.576538e+008 -78.8977
1.577148e+008 -70.2923
1.577759e+008 -69.9779
1.578369e+008 -73.2442
1.578979e+008 -68.6321
1.57959e+008 -71.0585
1.5802e+008 -78.9959
1.580811e+008 -69.111
1.581421e+008 -65.6114
1.582031e+008 -62.372
1.582642e+008 -60.2845
1.583252e+008 -59.8179
1.583862e+008 -62.0233
1.584473e+008 -69.892
1.585083e+008 -71.5325
1.585693e+008 -63.1064
1.586304e+008 -60.9476
1.586914e+008 -63.7424
1.587524e+008 -70.8669
1.588135e+008 -64.7272
1.588745e+008 -70.6435
1.589355e+008 -72.5787
1.589966e+008 -67.1168
1.590576e+008 -88.9152
1.591187e+008 -66.5667
1.591797e+008 -63.7842
1.592407e+008 -67.3501
1.593018e+008 -67.1954
1.593628e+008 -78.0946
1.594238e+008 -69.887
1.594849e+008 -65.6212
1.595459e+008 -57.7329
1.596069e+008 -58.337
1.59668e+008 -62.9025
1.59729e+008 -67.8609
1.5979e+008 -67.2322
1.598511e+008 -47.7964
1.599121e+008 -23.1148
1.599731e+008 -13.9813
1.600342e+008 -14.4651
1.600952e+008 -24.7479
1.601562e+008 -50.5764
1.602173e+008 -65.6924
1.602783e+008 -65.4665
1.603394e+008 -68.6763
1.604004e+008 -69.3075
1.604614e+008 -69.2608
1.605225e+008 -66.886
1.605835e+008 -61.6205
1.606445e+008 -60.4515
1.607056e+008 -68.4577
1.607666e+008 -70.8719
1.608276e+008 -66.1934
1.608887e+008 -65.5573
1.609497e+008 -63.7007
1.610107e+008 -66.9498
1.610718e+008 -70.4593
1.611328e+008 -65.1325
1.611938e+008 -67.6939
1.612549e+008 -71.4637
1.613159e+008 -69.2338
1.61377e+008 -63.1948
1.61438e+008 -68.1679
1.61499e+008 -72.1808
1.615601e+008 -78.77
1.616211e+008 -62.905
1.616821e+008 -63.1309
1.617432e+008 -64.5455
1.618042e+008 -58.2658
1.618652e+008 -56.8561
1.619263e+008 -58.3837
1.619873e+008 -56.8365
1.620483e+008 -62.4727
1.621094e+008 -74.703
1.621704e+008 -73.0404
1.622314e+008 -64.0985
1.622925e+008 -60.427
1.623535e+008 -59.5527
1.624146e+008 -56.9347
1.624756e+008 -55.5471
1.625366e+008 -57.6101
1.625977e+008 -61.4314
1.626587e+008 -67.22
1.627197e+008 -75.5282
1.627808e+008 -74.2561
1.628418e+008 -75.1426
1.629028e+008 -71.3802
1.629639e+008 -70.3365
1.630249e+008 -74.1013
1.630859e+008 -69.3394
1.63147e+008 -77.2571
1.63208e+008 -66.719
1.63269e+008 -68.0967
1.633301e+008 -71.4785
1.633911e+008 -69.4916
1.634521e+008 -71.6946
1.635132e+008 -64.2164
1.635742e+008 -61.5862
1.636353e+008 -61.4093
1.636963e+008 -59.7958
1.637573e+008 -60.6087
1.638184e+008 -64.8206
1.638794e+008 -58.7226
1.639404e+008 -56.7898
1.640015e+008 -58.0988
1.640625e+008 -60.2158
1.641235e+008 -66.8589
1.641846e+008 -68.4847
1.642456e+008 -63.6074
1.643066e+008 -62.8534
1.643677e+008 -62.7576
1.644287e+008 -62.5562
1.644897e+008 -62.873
1.645508e+008 -68.249
1.646118e+008 -63.9806
1.646729e+008 -66.3923
1.647339e+008 -72.925
1.647949e+008 -73.0379
1.64856e+008 -91.3416
1.64917e+008 -66.8098
1.64978e+008 -64.5651
1.650391e+008 -67.3919
1.651001e+008 -68.9268
1.651611e+008 -71.9966
1.652222e+008 -68.6738
1.652832e+008 -65.437
1.653442e+008 -68.6198
1.654053e+008 -69.8723
1.654663e+008 -63.8014
1.655273e+008 -62.1461
1.655884e+008 -66.0632
1.656494e+008 -70.7515
1.657104e+008 -64.6167
1.657715e+008 -63.794
1.658325e+008 -67.6473
1.658936e+008 -63.6442
1.659546e+008 -66.213
1.660156e+008 -76.7488
1.660767e+008 -63.9414
1.661377e+008 -30.0846
1.661987e+008 -15.6096
1.662598e+008 -11.9479
1.663208e+008 -17.5203
1.663818e+008 -35.0651
1.664429e+008 -59.5699
1.665039e+008 -55.3507
1.665649e+008 -54.9823
1.66626e+008 -57.2933
1.66687e+008 -61.3602
1.66748e+008 -65.9527
1.668091e+008 -74.6465
1.668701e+008 -71.1052
1.669312e+008 -68.7131
1.669922e+008 -64.7886
1.670532e+008 -68.8015
1.671143e+008 -64.0396
1.671753e+008 -61.8563
1.672363e+008 -66.051
1.672974e+008 -66.5323
1.673584e+008 -70.7859
1.674194e+008 -60.3901
1.674805e+008 -55.5422
1.675415e+008 -56.7604
1.676025e+008 -61.7458
1.676636e+008 -67.2617
1.677246e+008 -63.3249
1.677856e+008 -57.2761
1.678467e+008 -57.1042
1.679077e+008 -64.0568
1.679687e+008 -69.2068
1.680298e+008 -67.7946
1.680908e+008 -68.5584
1.681519e+008 -69.6734
1.682129e+008 -67.6817
1.682739e+008 -70.0344
1.68335e+008 -65.4001
1.68396e+008 -60.9673
1.68457e+008 -62.1289
1.685181e+008 -67.8585
1.685791e+008 -68.0599
1.686401e+008 -67.554
1.687012e+008 -63.654
1.687622e+008 -62.706
1.688232e+008 -62.1436
1.688843e+008 -69.0668
1.689453e+008 -64.2115
1.690063e+008 -61.1392
1.690674e+008 -64.3908
1.691284e+008 -62.8387
1.691895e+008 -62.7527
1.692505e+008 -62.7159
1.693115e+008 -59.8056
1.693726e+008 -61.3676
1.694336e+008 -66.0264
1.694946e+008 -64.2729
1.695557e+008 -67.8437
1.696167e+008 -68.7966
1.696777e+008 -76.6481
1.697388e+008 -69.5383
1.697998e+008 -70.1474
1.698608e+008 -73.6323
1.699219e+008 -55.4808
1.699829e+008 -49.0415
1.700439e+008 -50.8589
1.70105e+008 -60.5621
1.70166e+008 -65.1398
1.702271e+008 -66.7411
1.702881e+008 -60.2452
1.703491e+008 -58.3002
1.704102e+008 -60.7561
1.704712e+008 -64.2434
1.705322e+008 -60.6554
1.705933e+008 -61.7286
1.706543e+008 -67.3747
1.707153e+008 -59.5601
1.707764e+008 -54.2283
1.708374e+008 -58.0792
1.708984e+008 -61.6107
1.709595e+008 -62.7183
1.710205e+008 -76.0366
1.710815e+008 -62.4433
1.711426e+008 -55.9401
1.712036e+008 -58.1528
1.712646e+008 -65.9945
1.713257e+008 -68.5707
1.713867e+008 -73.9196
1.714478e+008 -67.2691
1.715088e+008 -70.7098
1.715698e+008 -77.1933
1.716309e+008 -64.7788
1.716919e+008 -61.9398
1.717529e+008 -61.37
1.71814e+008 -62.5759
1.71875e+008 -69.6169
1.71936e+008 -79.4773
1.719971e+008 -66.0338
1.720581e+008 -70.0516
1.721191e+008 -74.4378
1.721802e+008 -75.5528
1.722412e+008 -62.3868
1.723022e+008 -59.4078
1.723633e+008 -55.0682
1.724243e+008 -36.8431
1.724854e+008 -28.8959
1.725464e+008 -30.3179
1.726074e+008 -42.057
1.726685e+008 -65.324
1.727295e+008 -61.2104
1.727905e+008 -62.097
1.728516e+008 -59.7958
1.729126e+008 -59.8769
1.729736e+008 -68.2588
1.730347e+008 -69.5432
1.730957e+008 -67.1684
1.731567e+008 -65.8864
1.732178e+008 -87.7487
1.732788e+008 -66.272
1.733398e+008 -62.2345
1.734009e+008 -69.4892
1.734619e+008 -63.8136
1.735229e+008 -64.4129
1.73584e+008 -86.6558
1.73645e+008 -72.5173
1.737061e+008 -63.04
1.737671e+008 -55.8197
1.738281e+008 -55.2131
1.738892e+008 -57.7992
1.739502e+008 -68.8114
1.740112e+008 -67.4655
1.740723e+008 -63.9757
1.741333e+008 -72.6917
1.741943e+008 -60.9378
1.742554e+008 -58.4156
1.743164e+008 -62.7724
1.743774e+008 -67.4655
1.744385e+008 -63.4109
1.744995e+008 -64.4301
1.745605e+008 -72.7089
1.746216e+008 -64.2655
1.746826e+008 -62.4727
1.747437e+008 -64.3146
1.748047e+008 -63.7989
1.748657e+008 -61.3799
1.749268e+008 -61.8391
1.749878e+008 -61.542
1.750488e+008 -60.6947
1.751099e+008 -61.7065
1.751709e+008 -61.93
1.752319e+008 -59.4716
1.75293e+008 -59.2604
1.75354e+008 -65.7292
1.75415e+008 -59.4176
1.754761e+008 -54.8595
1.755371e+008 -53.4081
1.755981e+008 -55.3556
1.756592e+008 -55.724
1.757202e+008 -55.0461
1.757812e+008 -57.5929
1.758423e+008 -60.5007
1.759033e+008 -66.8393
1.759644e+008 -75.0886
1.760254e+008 -61.2865
1.760864e+008 -57.5217
1.761475e+008 -54.135
1.762085e+008 -52.7253
1.762695e+008 -54.7858
1.763306e+008 -61.2939
1.763916e+008 -61.289
1.764526e+008 -63.6344
1.765137e+008 -79.8825
1.765747e+008 -63.7645
1.766357e+008 -62.2149
1.766968e+008 -62.1657
1.767578e+008 -61.5935
1.768188e+008 -64.128
1.768799e+008 -67.4999
1.769409e+008 -62.6471
1.77002e+008 -68.831
1.77063e+008 -60.8297
1.77124e+008 -58.0104
1.771851e+008 -62.7404
1.772461e+008 -66.6084
1.773071e+008 -65.8422
1.773682e+008 -63.3225
1.774292e+008 -69.5604
1.774902e+008 -67.5122
1.775513e+008 -65.9061
1.776123e+008 -71.1002
1.776733e+008 -68.3349
1.777344e+008 -63.8996
1.777954e+008 -79.0377
1.778564e+008 -61.7212
1.779175e+008 -62.1707
1.779785e+008 -66.4267
1.780396e+008 -65.2847
1.781006e+008 -64.1403
1.781616e+008 -66.0706
1.782227e+008 -67.2691
1.782837e+008 -69.3787
1.783447e+008 -80.1305
1.784058e+008 -68.1556
1.784668e+008 -64.0519
1.785278e+008 -59.619
1.785889e+008 -60.6996
1.786499e+008 -53.2337
1.787109e+008 -40.22
1.78772e+008 -37.6708
1.78833e+008 -44.1199
1.78894e+008 -62.7183
1.789551e+008 -70.808
1.790161e+008 -67.1193
1.790771e+008 -82.8467
1.791382e+008 -63.9021
1.791992e+008 -64.7493
1.792603e+008 -64.182
1.793213e+008 -60.341
1.793823e+008 -60.869
1.794434e+008 -57.8016
1.795044e+008 -56.1562
1.795654e+008 -57.8336
1.796265e+008 -61.7384
1.796875e+008 -61.483
1.797485e+008 -65.1054
1.798096e+008 -70.2972
1.798706e+008 -58.4205
1.799316e+008 -55.3703
1.799927e+008 -55.5914
1.800537e+008 -60.6971
1.801147e+008 -74.3469
1.801758e+008 -73.6937
1.802368e+008 -73.286
1.802979e+008 -69.5702
1.803589e+008 -74.1038
1.804199e+008 -64.1575
1.80481e+008 -72.2938
1.80542e+008 -65.4787
1.80603e+008 -66.6625
1.806641e+008 -72.1931
1.807251e+008 -64.0077
1.807861e+008 -62.205
1.808472e+008 -67.0775
1.809082e+008 -73.2983
1.809692e+008 -67.9371
1.810303e+008 -58.2363
1.810913e+008 -57.114
1.811523e+008 -59.5281
1.812134e+008 -57.8827
1.812744e+008 -57.1165
1.813354e+008 -60.9329
1.813965e+008 -65.1447
1.814575e+008 -68.664
1.815186e+008 -67.9002
1.815796e+008 -68.2662
1.816406e+008 -70.0909
1.817017e+008 -68.3497
1.817627e+008 -61.2644
1.818237e+008 -63.6638
1.818848e+008 -65.1349
1.819458e+008 -63.4944
1.820068e+008 -67.2887
1.820679e+008 -73.4063
1.821289e+008 -65.4149
1.821899e+008 -63.4477
1.82251e+008 -58.4254
1.82312e+008 -56.6326
1.82373e+008 -58.504
1.824341e+008 -63.3323
1.824951e+008 -76.4835
1.825562e+008 -72.1563
1.826172e+008 -66.8442
1.826782e+008 -65.9576
1.827393e+008 -64.5848
1.828003e+008 -70.7147
1.828613e+008 -63.6958
1.829224e+008 -61.1294
1.829834e+008 -64.2975
1.830444e+008 -66.881
1.831055e+008 -63.5067
1.831665e+008 -62.0307
1.832275e+008 -65.965
1.832886e+008 -59.0738
1.833496e+008 -55.5889
1.834106e+008 -58.5188
1.834717e+008 -66.552
1.835327e+008 -75.5822
1.835937e+008 -65.2847
1.836548e+008 -71.5251
1.837158e+008 -70.3659
1.837769e+008 -65.8226
1.838379e+008 -68.497
1.838989e+008 -63.8898
1.8396e+008 -69.0545
1.84021e+008 -70.4887
1.84082e+008 -72.4412
1.841431e+008 -93.6674
1.842041e+008 -79.74
1.842651e+008 -65.0072
1.843262e+008 -58.9019
1.843872e+008 -59.9383
1.844482e+008 -66.3088
1.845093e+008 -76.3116
1.845703e+008 -68.7721
1.846313e+008 -61.9226
1.846924e+008 -63.2144
1.847534e+008 -64.1206
1.848145e+008 -65.7194
1.848755e+008 -72.031
1.849365e+008 -64.7493
1.849976e+008 -57.0182
1.850586e+008 -58.4353
1.851196e+008 -61.1834
1.851807e+008 -69.5997
1.852417e+008 -70.8154
1.853027e+008 -81.329
1.853638e+008 -72.4952
1.854248e+008 -63.0179
1.854858e+008 -56.6695
1.855469e+008 -55.2721
1.856079e+008 -55.2868
1.856689e+008 -57.7624
1.8573e+008 -66.1074
1.85791e+008 -72.3699
1.858521e+008 -76.0218
1.859131e+008 -64.295
1.859741e+008 -63.6098
1.860352e+008 -64.9434
1.860962e+008 -58.5728
1.861572e+008 -58.3984
1.862183e+008 -60.2256
1.862793e+008 -70.1351
1.863403e+008 -63.4158
1.864014e+008 -73.3621
1.864624e+008 -69.7569
1.865234e+008 -63.7179
1.865845e+008 -64.268
1.866455e+008 -66.8614
1.867065e+008 -60.6235
1.867676e+008 -66.5127
1.868286e+008 -76.2822
1.868896e+008 -66.9744
1.869507e+008 -58.2904
1.870117e+008 -56.9298
1.870728e+008 -59.4987
1.871338e+008 -66.2916
1.871948e+008 -70.4126
1.872559e+008 -68.1409
1.873169e+008 -71.142
1.873779e+008 -62.9713
1.87439e+008 -49.346
1.875e+008 -46.0453
1.87561e+008 -50.7434
1.876221e+008 -57.3792
1.876831e+008 -57.9883
1.877441e+008 -60.039
1.878052e+008 -64.1084
1.878662e+008 -64.3662
1.879272e+008 -61.4314
1.879883e+008 -60.5694
1.880493e+008 -61.4437
1.881104e+008 -67.3968
1.881714e+008 -77.0066
1.882324e+008 -65.3707
1.882935e+008 -63.5067
1.883545e+008 -65.5229
1.884155e+008 -67.2224
1.884766e+008 -65.1767
1.885376e+008 -65.9675
1.885986e+008 -67.3035
1.886597e+008 -59.8891
1.887207e+008 -59.5576
1.887817e+008 -65.2184
1.888428e+008 -70.4322
1.889038e+008 -69.3222
1.889648e+008 -65.8496
1.890259e+008 -65.4935
1.890869e+008 -65.3805
1.891479e+008 -66.1664
1.89209e+008 -65.0637
1.8927e+008 -61.8416
1.893311e+008 -58.0374
1.893921e+008 -53.7273
1.894531e+008 -56.8709
1.895142e+008 -66.5544
1.895752e+008 -66.7656
1.896362e+008 -81.302
1.896973e+008 -66.8639
1.897583e+008 -63.3249
1.898193e+008 -65.0711
1.898804e+008 -66.4365
1.899414e+008 -64.1084
1.900024e+008 -68.6787
1.900635e+008 -69.0643
1.901245e+008 -63.7326
1.901855e+008 -60.4196
1.902466e+008 -58.5777
1.903076e+008 -63.9536
1.903687e+008 -82.4464
1.904297e+008 -67.3894
1.904907e+008 -64.8991
1.905518e+008 -68.2588
1.906128e+008 -69.1699
1.906738e+008 -65.5377
1.907349e+008 -61.1146
1.907959e+008 -57.367
1.908569e+008 -59.3636
1.90918e+008 -67.8585
1.90979e+008 -66.7214
1.9104e+008 -63.9659
1.911011e+008 -73.9515
1.911621e+008 -63.7228
1.912231e+008 -61.3897
1.912842e+008 -61.6426
1.913452e+008 -65.297
1.914062e+008 -70.1081
1.914673e+008 -62.4384
1.915283e+008 -60.4908
1.915894e+008 -65.631
1.916504e+008 -61.5911
1.917114e+008 -61.2841
1.917725e+008 -72.311
1.918335e+008 -72.4092
1.918945e+008 -68.4233
1.919556e+008 -64.8304
1.920166e+008 -65.8668
1.920776e+008 -67.9469
1.921387e+008 -72.5713
1.921997e+008 -74.1775
1.922607e+008 -69.1724
1.923218e+008 -67.6301
1.923828e+008 -68.6689
1.924438e+008 -68.0451
1.925049e+008 -75.0714
1.925659e+008 -67.5761
1.92627e+008 -55.6994
1.92688e+008 -55.1591
1.92749e+008 -66.4979
1.928101e+008 -69.9976
1.928711e+008 -60.1323
1.929321e+008 -58.4942
1.929932e+008 -62.0454
1.930542e+008 -62.2812
1.931152e+008 -65.464
1.931763e+008 -83.8856
1.932373e+008 -63.0941
1.932983e+008 -65.5622
1.933594e+008 -71.422
1.934204e+008 -74.0105
1.934814e+008 -89.4678
1.935425e+008 -67.8266
1.936035e+008 -58.8356
1.936646e+008 -44.0389
1.937256e+008 -37.0028
1.937866e+008 -39.0313
1.938477e+008 -51.9296
1.939087e+008 -69.0717
1.939697e+008 -70.3168
1.940308e+008 -71.1887
1.940918e+008 -76.3313
1.941528e+008 -67.7995
1.942139e+008 -69.3148
1.942749e+008 -62.4064
1.943359e+008 -65.7636
1.94397e+008 -74.0178
1.94458e+008 -70.9578
1.94519e+008 -64.4988
1.945801e+008 -61.3897
1.946411e+008 -60.6996
1.947021e+008 -57.6297
1.947632e+008 -58.9314
1.948242e+008 -63.1407
1.948853e+008 -66.1394
1.949463e+008 -65.9232
1.950073e+008 -58.2535
1.950684e+008 -59.7344
1.951294e+008 -62.6913
1.951904e+008 -58.5139
1.952515e+008 -54.7121
1.953125e+008 -59.4029
1.953735e+008 -76.9723
1.954346e+008 -71.282
1.954956e+008 -71.2304
1.955566e+008 -71.7928
1.956177e+008 -67.5466
1.956787e+008 -69.6071
1.957397e+008 -64.5578
1.958008e+008 -61.3774
1.958618e+008 -61.4806
1.959229e+008 -61.7016
1.959839e+008 -66.8074
1.960449e+008 -68.7524
1.96106e+008 -67.8757
1.96167e+008 -70.5501
1.96228e+008 -70.7785
1.962891e+008 -65.0735
1.963501e+008 -77.5789
1.964111e+008 -64.5971
1.964722e+008 -60.3877
1.965332e+008 -61.7139
1.965942e+008 -70.2161
1.966553e+008 -69.8183
1.967163e+008 -65.3142
1.967773e+008 -65.5279
1.968384e+008 -67.5736
1.968994e+008 -74.9904
1.969604e+008 -75.4815
1.970215e+008 -75.1426
1.970825e+008 -70.4273
1.971436e+008 -70.8105
1.972046e+008 -65.7906
1.972656e+008 -65.8348
1.973267e+008 -67.2126
1.973877e+008 -70.3684
1.974487e+008 -76.6726
1.975098e+008 -77.542
1.975708e+008 -67.8683
1.976318e+008 -62.7036
1.976929e+008 -60.2698
1.977539e+008 -62.878
1.978149e+008 -62.8853
1.97876e+008 -57.1115
1.97937e+008 -57.5413
1.97998e+008 -64.9679
1.980591e+008 -65.2454
1.981201e+008 -61.9816
1.981812e+008 -68.6198
1.982422e+008 -67.7897
1.983032e+008 -62.706
1.983643e+008 -61.375
1.984253e+008 -62.4015
1.984863e+008 -65.4051
1.985474e+008 -62.5415
1.986084e+008 -61.5567
1.986694e+008 -69.6636
1.987305e+008 -75.0444
1.987915e+008 -72.1514
1.988525e+008 -62.9516
1.989136e+008 -60.8862
1.989746e+008 -61.2301
1.990356e+008 -62.512
1.990967e+008 -63.374
1.991577e+008 -62.9737
1.992187e+008 -60.4835
1.992798e+008 -59.2089
1.993408e+008 -59.9481
1.994019e+008 -57.0452
1.994629e+008 -54.6606
1.995239e+008 -59.786
1.99585e+008 -68.1556
1.99646e+008 -65.7587
1.99707e+008 -70.1154
1.997681e+008 -75.597
1.998291e+008 -77.7802
1.998901e+008 -53.187
1.999512e+008 -40.3305
2.000122e+008 -38.0195
